Time Stamp	Gyroscope X	Gyroscope Y	Gyroscope Z
RAW	RAW	RAW	RAW
no units	no units	no units	no units
3654165	-428	-11	-304
3654805	-380	87	-252
3655445	-380	52	-233
3656085	-323	22	-204
3656725	-295	130	-172
3657365	-232	114	-131
3658005	-172	32	-117
3658645	-141	52	-63
3659285	-111	88	-15
3659925	-46	94	-3
3660565	38	92	7
3661205	130	87	47
3661845	188	87	79
3662485	233	114	98
3663125	251	141	127
3663765	394	293	183
3664405	299	174	170
3665045	196	109	168
3665685	136	-68	122
3666325	166	-7	124
3666965	179	385	176
3667605	219	272	215
3668245	162	143	221
3668885	79	123	171
3669525	72	113	120
3670165	64	114	101
3670805	76	159	100
3671445	49	119	75
3672085	10	26	53
3672725	-41	121	18
3673365	-2	213	42
3674005	-49	-145	17
3674645	-119	167	-16
3675285	-64	81	-35
3675925	-105	230	-25
3676565	-127	270	-52
3677205	-160	157	-87
3677845	-182	166	-108
3678485	-150	161	-118
3679125	-147	139	-102
3679765	-107	173	-108
3680405	-82	144	-94
3681045	-61	101	-62
3681685	-47	119	-51
3682325	-78	161	-60
3682965	-137	109	-66
3683605	-177	85	-59
3684245	-199	107	-57
3684885	-163	116	-69
3685525	-130	130	-66
3686165	-80	132	-65
3686805	-64	141	-69
3687445	-11	135	-53
3688085	30	162	-29
3688725	46	179	-13
3689365	92	176	-14
3690005	92	188	12
3690645	82	148	10
3691285	50	145	20
3691925	28	277	14
3692565	-7	189	2
3693205	-161	64	-33
3693845	-208	98	-37
3694485	-123	-102	-27
3695125	-44	363	45
3695765	-24	302	80
3696405	-27	87	87
3697045	-91	151	47
3697685	-89	174	37
3698325	-33	118	41
3698965	1	246	66
3699605	6	209	71
3700245	-9	82	56
3700885	-40	117	33
3701525	-52	172	47
3702165	-56	-70	50
3702805	-134	83	43
3703445	-85	86	44
3704085	-58	66	61
3704725	-95	270	90
3705365	-54	120	79
3706005	-75	68	75
3706645	-62	121	61
3707285	-43	51	50
3707925	-51	111	51
3708565	-59	118	27
3709205	-30	68	40
3709845	-23	91	58
3710485	-19	100	51
3711125	-41	121	24
3711765	-83	119	3
3712405	-108	123	0
3713045	-105	128	-17
3713685	-111	125	-10
3714325	-89	121	-8
3714965	-84	105	-10
3715605	-65	110	-20
3716245	-61	109	-36
3716885	-74	95	-50
3717525	-50	98	-62
3718165	-48	111	-68
3718805	-51	106	-53
3719445	-16	89	-46
3720085	-41	122	-44
3720725	-47	160	-46
3721365	-52	105	-56
3722005	-71	101	-76
3722645	-116	85	-88
3723285	-151	84	-97
3723925	-111	98	-79
3724565	-68	102	-47
3725205	-62	111	-18
3725845	-54	112	-3
3726485	10	236	36
3727125	46	48	13
3727765	-146	165	15
3728405	-99	-44	-47
3729045	-54	58	-43
3729685	-6	398	22
3730325	0	242	44
3730965	-14	109	31
3731605	-87	162	-11
3732245	-76	135	-23
3732885	-64	229	-45
3733525	-64	166	-40
3734165	-67	49	-41
3734805	-54	156	-29
3735445	-51	152	-13
3736085	-37	-2	-9
3736725	-78	111	-23
3737365	-53	115	-31
3738005	21	42	-9
3738645	-44	241	-9
3739285	-34	155	-7
3739925	-53	70	-13
3740565	-72	79	-24
3741205	-29	63	-17
3741845	-26	87	-3
3742485	-24	83	-9
3743125	1	79	-1
3743765	-1	102	-12
3744405	-19	78	-20
3745045	-47	95	-57
3745685	-56	106	-52
3746325	-72	107	-64
3746965	-64	128	-42
3747605	-55	132	-46
3748245	-20	125	-43
3748885	-32	128	-43
3749525	-31	140	-51
3750165	-31	130	-58
3750805	-21	121	-56
3751445	-34	140	-50
3752085	-18	127	-51
3752725	-24	110	-60
3753365	-41	114	-81
3754005	-25	128	-81
3754645	-41	136	-89
3755285	-6	92	-95
3755925	10	149	-83
3756565	1	132	-83
3757205	3	84	-69
3757845	-60	80	-104
3758485	-5	319	-35
3759125	-116	-28	-76
3759765	-157	283	-101
3760405	-92	-170	-123
3761045	-51	113	-89
3761685	6	369	-11
3762325	20	181	9
3762965	-13	100	9
3763605	-81	149	-18
3764245	-83	105	-29
3764885	-30	81	-6
3765525	-20	189	3
3766165	-32	176	-4
3766805	-74	49	-50
3767445	-119	43	-98
3768085	-145	85	-105
3768725	-189	-129	-121
3769365	-203	36	-128
3770005	-78	125	-90
3770645	1	40	-44
3771285	10	165	-33
3771925	-14	131	-45
3772565	-2	24	-51
3773205	68	35	-23
3773845	111	55	6
3774485	112	104	33
3775125	78	124	41
3775765	86	81	36
3776405	65	107	53
3777045	57	126	38
3777685	17	129	13
3778325	-26	85	-12
3778965	-39	91	-28
3779605	-36	120	-29
3780245	-8	167	-21
3780885	-10	140	-20
3781525	-9	101	-45
3782165	4	102	-60
3782805	-24	104	-59
3783445	-46	71	-85
3784085	-72	70	-100
3784725	-63	54	-118
3785365	-66	79	-99
3786005	-46	151	-113
3786645	-64	157	-125
3787285	-64	100	-130
3787925	-132	143	-135
3788565	-75	429	-96
3789205	-100	230	-163
3789845	-214	294	-235
3790485	-171	-25	-295
3791125	22	205	-236
3791765	133	339	-151
3792405	183	248	-67
3793045	148	221	-57
3793685	94	255	-59
3794325	66	266	-52
3794965	113	250	-2
3795605	106	363	-8
3796245	60	358	-27
3796885	62	254	-66
3797525	83	245	-111
3798165	73	319	-122
3798805	50	41	-162
3799445	3	131	-193
3800085	4	144	-154
3800725	35	226	-124
3801365	42	169	-64
3802005	-32	259	-30
3802645	-65	260	11
3803285	-32	150	43
3803925	-41	139	80
3804565	-57	171	87
3805205	-51	128	66
3805845	-55	105	45
3806485	-54	90	24
3807125	-60	104	18
3807765	-69	110	-12
3808405	-92	120	-10
3809045	-99	115	0
3809685	-95	106	-5
3810325	-119	127	-9
3810965	-122	104	2
3811605	-112	43	8
3812245	-149	49	-4
3812885	-125	19	14
3813525	-116	42	54
3814165	-100	60	76
3814805	-117	71	81
3815445	-187	62	54
3816085	-116	313	105
3816725	-106	17	73
3817365	-306	243	31
3818005	-249	-4	-27
3818645	-159	-12	-75
3819285	-163	400	-65
3819925	-87	286	-73
3820565	-103	128	-77
3821205	-134	170	-101
3821845	-156	154	-140
3822485	-105	118	-136
3823125	-75	189	-95
3823765	-69	201	-73
3824405	-51	95	-46
3825045	-51	100	-8
3825685	-70	146	-17
3826325	-15	69	17
3826965	-92	-60	-4
3827605	-80	90	-15
3828245	-48	-20	6
3828885	-103	190	26
3829525	-79	27	82
3830165	-88	-43	119
3830805	-134	20	143
3831445	-101	-49	206
3832085	-118	-56	237
3832725	-172	-35	214
3833365	-230	55	177
3834005	-272	113	150
3834645	-275	117	94
3835285	-299	182	97
3835925	-303	272	130
3836565	-273	213	194
3837205	-308	212	215
3837845	-332	344	231
3838485	-297	310	231
3839125	-264	266	236
3839765	-240	308	232
3840405	-241	324	184
3841045	-228	268	151
3841685	-175	261	121
3842325	-153	254	99
3842965	-126	233	109
3843605	-96	222	73
3844245	4	418	144
3844885	-6	127	114
3845525	-90	392	88
3846165	-83	134	46
3846805	22	-4	38
3847445	5	388	55
3848085	27	353	90
3848725	16	164	87
3849365	-62	239	67
3850005	-87	182	27
3850645	-34	92	10
3851285	-34	188	-5
3851925	-66	210	-6
3852565	-38	47	-40
3853205	-43	20	-60
3853845	-67	159	-76
3854485	-25	105	-68
3855125	-48	-66	-104
3855765	-23	143	-80
3856405	28	59	-66
3857045	-28	254	-46
3857685	-52	160	-67
3858325	-83	114	-58
3858965	-94	107	-57
3859605	-59	34	-64
3860245	-72	128	-66
3860885	-66	170	-80
3861525	-88	102	-81
3862165	-92	96	-72
3862805	-63	131	-81
3863445	-59	163	-59
3864085	-33	182	-38
3864725	-30	187	-40
3865365	-8	153	-24
3866005	-9	170	-28
3866645	10	163	-19
3867285	20	167	-26
3867925	13	149	-19
3868565	6	121	-15
3869205	10	138	9
3869845	4	133	-7
3870485	0	79	-17
3871125	-32	96	-32
3871765	-12	96	-13
3872405	-6	60	-6
3873045	1	62	-7
3873685	-14	55	-4
3874325	-27	53	-27
3874965	48	265	36
3875605	50	74	2
3876245	-40	192	33
3876885	-55	24	-18
3877525	42	-97	-12
3878165	57	335	62
3878805	123	180	106
3879445	106	33	85
3880085	7	113	37
3880725	0	79	5
3881365	6	-5	-27
3882005	25	98	-20
3882645	13	62	-33
3883285	-14	-47	-60
3883925	-24	36	-53
3884565	-42	92	-61
3885205	-18	152	-9
3885845	-53	-197	-44
3886485	-78	140	-51
3887125	-18	-6	-35
3887765	-86	189	-36
3888405	-86	193	-27
3889045	-78	36	-38
3889685	-76	90	-38
3890325	-71	148	-65
3890965	-57	149	-46
3891605	-79	93	-49
3892245	-62	123	-34
3892885	-68	149	-31
3893525	-72	132	-36
3894165	-80	156	-54
3894805	-76	162	-45
3895445	-54	194	-31
3896085	-72	218	-31
3896725	-70	202	-30
3897365	-82	228	-24
3898005	-61	195	-22
3898645	-58	174	-30
3899285	-79	167	-46
3899925	-67	141	-63
3900565	-64	121	-54
3901205	-49	118	-66
3901845	-31	116	-55
3902485	-20	89	-55
3903125	-23	113	-97
3903765	-27	125	-104
3904405	-22	77	-123
3905045	-29	109	-134
3905685	-53	149	-164
3906325	-99	71	-190
3906965	-91	-24	-209
3907605	-112	43	-259
3908245	-103	145	-289
3908885	-77	52	-326
3909525	3	28	-351
3910165	47	35	-361
3910805	91	81	-366
3911445	129	115	-351
3912085	116	247	-331
3912725	145	370	-289
3913365	135	391	-310
3914005	168	469	-297
3914645	223	466	-289
3915285	267	569	-298
3915925	298	568	-372
3916565	370	459	-367
3917205	434	808	-318
3917845	313	855	-342
3918485	170	703	-397
3919125	192	220	-382
3919765	169	557	-291
3920405	190	721	-146
3921045	125	554	-49
3921685	50	362	36
3922325	-74	293	44
3922965	-117	309	61
3923605	-99	205	59
3924245	-111	255	54
3924885	-96	163	26
3925525	-69	61	3
3926165	-82	112	-30
3926805	-96	136	-49
3927445	-110	43	-60
3928085	-102	-217	-95
3928725	-172	180	-85
3929365	-88	61	-65
3930005	-66	-11	-5
3930645	-109	123	31
3931285	-103	-69	15
3931925	-82	-314	5
3932565	6	-434	3
3933205	50	-407	50
3933845	24	-434	123
3934485	-29	-440	223
3935125	-59	-435	371
3935765	-128	-383	489
3936405	-217	-347	589
3937045	-231	-459	619
3937685	-370	-362	586
3938325	-469	-112	504
3938965	-459	-1	437
3939605	-523	76	394
3940245	-545	178	363
3940885	-582	50	329
3941525	-576	34	288
3942165	-691	207	320
3942805	-674	270	324
3943445	-693	177	294
3944085	-734	200	246
3944725	-735	297	193
3945365	-655	208	150
3946005	-591	236	73
3946645	-485	346	-14
3947285	-392	339	-78
3947925	-236	179	-136
3948565	-147	113	-151
3949205	-120	178	-160
3949845	-109	110	-175
3950485	-118	38	-161
3951125	-146	50	-124
3951765	-150	60	-77
3952405	-103	-47	-66
3953045	-29	9	-77
3953685	56	83	-84
3954325	126	130	-68
3954965	230	109	-122
3955605	458	339	-67
3956245	244	232	-197
3956885	135	487	-312
3957525	42	4	-421
3958165	86	179	-345
3958805	161	490	-265
3959445	51	516	-236
3960085	-115	355	-298
3960725	-383	272	-412
3961365	-522	304	-544
3962005	-673	228	-659
3962645	-971	293	-745
3963285	-1323	287	-830
3963925	-1504	121	-866
3964565	-1563	57	-822
3965205	-1390	181	-665
3965845	-1272	161	-575
3966485	-1222	-230	-662
3967125	-1250	29	-751
3967765	-1172	20	-785
3968405	-1113	-113	-737
3969045	-1091	-161	-700
3969685	-1071	-217	-708
3970325	-1099	-261	-776
3970965	-1091	-289	-841
3971605	-1123	-224	-907
3972245	-1142	-132	-937
3972885	-1166	-96	-931
3973525	-1225	-74	-917
3974165	-1340	-25	-924
3974805	-1410	-65	-960
3975445	-1514	-42	-995
3976085	-1634	29	-1006
3976725	-1797	51	-1028
3977365	-1977	71	-1072
3978005	-2139	67	-1096
3978645	-2333	86	-1073
3979285	-2373	22	-1033
3979925	-2423	115	-973
3980565	-2518	154	-953
3981205	-2678	35	-991
3981845	-2792	-50	-1025
3982485	-2775	-16	-969
3983125	-2885	87	-935
3983765	-3003	-8	-918
3984405	-3108	-80	-929
3985045	-3006	-75	-932
3985685	-3034	-33	-957
3986325	-2913	-107	-942
3986965	-2806	-91	-831
3987605	-2761	-56	-757
3988245	-2721	-53	-731
3988885	-2733	3	-755
3989525	-2723	281	-753
3990165	-2736	-13	-765
3990805	-2789	-11	-827
3991445	-2795	-135	-861
3992085	-2670	-82	-833
3992725	-2688	122	-783
3993365	-2704	-47	-816
3994005	-2823	-152	-900
3994645	-3002	-44	-1058
3995285	-3233	178	-1094
3995925	-3283	102	-1154
3996565	-3407	-49	-1160
3997205	-3456	173	-1135
3997845	-3448	405	-1090
3998485	-3307	223	-963
3999125	-3289	311	-922
3999765	-3340	359	-1044
4000405	-3428	263	-1162
4001045	-3512	172	-1277
4001685	-3416	111	-1275
4002325	-3372	50	-1261
4002965	-3455	106	-1222
4003605	-3488	198	-1200
4004245	-3509	272	-1190
4004885	-3464	13	-1164
4005525	-3389	-13	-1157
4006165	-3346	185	-1119
4006805	-3151	200	-1030
4007445	-3070	150	-966
4008085	-3051	14	-980
4008725	-2999	-24	-999
4009365	-2923	72	-984
4010005	-2935	24	-1010
4010645	-2843	-94	-955
4011285	-2753	-21	-892
4011925	-2703	114	-824
4012565	-2701	79	-847
4013205	-2656	-32	-881
4013845	-2621	114	-906
4014485	-2485	199	-923
4015125	-2358	135	-983
4015765	-2231	138	-1077
4016405	-2074	223	-1083
4017045	-1950	407	-1025
4017685	-1912	442	-947
4018325	-2075	136	-992
4018965	-2085	4	-1031
4019605	-2131	268	-1055
4020245	-2074	476	-984
4020885	-2014	193	-919
4021525	-1800	427	-849
4022165	-1545	611	-694
4022805	-1267	439	-706
4023445	-1018	632	-799
4024085	-809	749	-834
4024725	-673	724	-794
4025365	-821	748	-827
4026005	-859	798	-869
4026645	-857	845	-1019
4027285	-822	1021	-1098
4027925	-735	1394	-1100
4028565	-814	912	-1214
4029205	-892	1245	-1293
4029845	-859	1426	-1314
4030485	-936	1534	-1358
4031125	-805	1412	-1397
4031765	-825	1830	-1362
4032405	-892	1715	-1247
4033045	-851	1683	-1101
4033685	-892	1913	-1019
4034325	-769	2105	-875
4034965	-662	2668	-883
4035605	-619	2771	-955
4036245	-619	2408	-911
4036885	-627	2219	-844
4037525	-756	2624	-846
4038165	-714	2845	-770
4038805	-593	3113	-673
4039445	-390	3230	-641
4040085	-378	3377	-665
4040725	-340	3560	-624
4041365	-326	3631	-534
4042005	-482	3753	-409
4042645	-1120	4394	-643
4043285	-1245	4474	-704
4043925	-1155	4971	-548
4044565	-1111	5208	-509
4045205	-671	5249	-556
4045845	-1161	4280	-839
4046485	-1037	3628	-1239
4047125	-1185	4185	-928
4047765	-1530	5461	-878
4048405	-1649	5514	-1057
4049045	-1712	4745	-1232
4049685	-1828	3993	-657
4050325	-1981	3840	-194
4050965	-2032	4313	-268
4051605	-1776	4430	-499
4052245	-1543	4214	-882
4052885	-1233	3859	-1036
4053525	-1096	4000	-1087
4054165	-1058	4535	-779
4054805	-700	5916	-423
4055445	-638	5895	-421
4056085	-889	4297	-754
4056725	-758	2922	-671
4057365	-1130	2106	-672
4058005	-1039	3383	-602
4058645	-971	3750	-285
4059285	-807	-843	-359
4059925	-351	-3360	-500
4060565	-497	-1163	-904
4061205	-823	1413	-1465
4061845	-1308	597	-1592
4062485	-1474	-1213	-1498
4063125	-1613	-3164	-2028
4063765	-935	-3792	-1738
4064405	-245	-2621	-1137
4065045	-285	-1789	-757
4065685	-417	-3391	-736
4066325	-271	-4995	-913
4066965	-351	-5116	-1139
4067605	-294	-4448	-1261
4068245	-247	-4294	-1184
4068885	-132	-5181	-1222
4069525	30	-7012	-1251
4070165	13	-8125	-1208
4070805	-111	-7883	-1184
4071445	-331	-7157	-1169
4072085	-431	-7309	-1190
4072725	-413	-8364	-1093
4073365	-537	-9207	-1004
4074005	-499	-8890	-836
4074645	-372	-7672	-515
4075285	-384	-6245	-315
4075925	149	-5464	55
4076565	455	-5282	351
4077205	674	-5281	568
4077845	722	-4959	482
4078485	769	-4501	229
4079125	702	-4092	-45
4079765	661	-3702	-400
4080405	453	-3514	-589
4081045	355	-3503	-589
4081685	270	-3285	-437
4082325	102	-3115	-289
4082965	-118	-2637	-35
4083605	102	-2172	233
4084245	-75	-2098	376
4084885	-304	-2147	312
4085525	-239	-1909	237
4086165	-344	-2069	115
4086805	-316	-2016	14
4087445	-345	-1739	34
4088085	-416	-1833	56
4088725	-349	-1745	171
4089365	-342	-1777	383
4090005	-399	-1831	425
4090645	-252	-1800	562
4091285	-194	-1681	676
4091925	-173	-985	962
4092565	-458	-876	1006
4093205	-614	-1210	832
4093845	-760	-1212	721
4094485	-749	-935	842
4095125	-1639	-1493	706
4095765	-966	-919	725
4096405	-489	-1433	683
4097045	-702	-1707	552
4097685	-518	-1347	752
4098325	-442	-1009	1027
4098965	-386	-462	1161
4099605	-514	-416	968
4100245	-703	-17	483
4100885	-595	-333	189
4101525	-747	-448	-49
4102165	-859	-468	-129
4102805	-890	-378	-30
4103445	-1024	22	161
4104085	-1220	840	365
4104725	-988	1454	512
4105365	-633	1646	773
4106005	-356	1210	1002
4106645	-134	1090	996
4107285	280	916	905
4107925	534	930	723
4108565	599	747	657
4109205	802	760	638
4109845	957	771	689
4110485	984	825	698
4111125	1051	833	666
4111765	1000	355	635
4112405	1003	397	462
4113045	900	759	347
4113685	623	179	148
4114325	551	17	103
4114965	585	-550	-27
4115605	659	-171	-31
4116245	792	430	-54
4116885	754	535	-105
4117525	756	483	-196
4118165	612	126	-287
4118805	612	-497	-359
4119445	800	-1033	-346
4120085	943	-1728	-299
4120725	953	-2327	-398
4121365	1184	-2477	-360
4122005	158	-1362	-1643
4122645	599	-818	-1372
4123285	1295	-1793	-1309
4123925	1774	-3028	-1142
4124565	1958	-3010	-1091
4125205	1891	-1365	-739
4125845	1320	94	-486
4126485	960	969	-633
4127125	1040	381	-629
4127765	991	-409	-369
4128405	822	51	-81
4129045	611	577	19
4129685	332	424	-48
4130325	277	43	40
4130965	186	102	170
4131605	51	33	266
4132245	50	220	307
4132885	-70	614	340
4133525	-125	503	207
4134165	-258	283	26
4134805	-400	624	-109
4135445	-480	1292	-193
4136085	-406	1834	-183
4136725	-246	1597	-29
4137365	-528	521	-27
4138005	-850	993	-184
4138645	-749	1266	-399
4139285	-487	490	-453
4139925	-272	409	-475
4140565	-47	728	-160
4141205	-673	643	-750
4141845	2047	-4930	-155
4142485	661	-6557	952
4143125	-4304	-12976	-765
4143765	1854	-456	68
4144405	-1014	15025	-691
4145045	-893	3725	-569
4145685	-1654	-2722	-88
4146325	-541	-4579	514
4146965	97	-955	225
4147605	-912	1319	53
4148245	-884	1476	500
4148885	-729	-398	125
4149525	-862	-1294	-26
4150165	-851	722	45
4150805	-1115	776	-4
4151445	-1059	-168	-37
4152085	-862	-78	-140
4152725	-531	-148	-285
4153365	-657	-35	-536
4154005	-6	653	-269
4154645	237	1301	-442
4155285	-67	367	-798
4155925	-439	-412	-1151
4156565	-548	102	-846
4157205	-317	1007	-345
4157845	-260	912	-182
4158485	25	-138	-148
4159125	519	-133	-265
4159765	278	74	-276
4160405	328	463	-280
4161045	502	535	-316
4161685	-355	848	-394
4162325	-443	1355	295
4162965	-545	876	22
4163605	-365	531	15
4164245	-221	640	-34
4164885	-543	610	-132
4165525	-489	479	-75
4166165	-351	394	-47
4166805	-160	173	43
4167445	83	128	44
4168085	65	223	24
4168725	-34	301	-10
4169365	-54	289	-79
4170005	38	294	-80
4170645	177	-234	-68
4171285	251	60	-93
4171925	397	39	-131
4172565	254	26	-109
4173205	266	-38	-105
4173845	254	-379	-107
4174485	204	-535	-76
4175125	164	-639	-102
4175765	193	-747	-1
4176405	21	-583	56
4177045	-183	-514	91
4177685	-213	-493	136
4178325	-254	-557	173
4178965	-230	-569	189
4179605	-179	-599	140
4180245	-211	-527	16
4180885	-131	-109	-45
4181525	-62	122	-65
4182165	185	423	-96
4182805	256	571	-61
4183445	358	1088	107
4184085	304	867	135
4184725	133	960	54
4185365	358	935	76
4186005	644	1598	18
4186645	845	1705	-26
4187285	1118	1578	-122
4187925	1180	1716	-249
4188565	1389	2105	-292
4189205	1873	2389	-243
4189845	2406	2716	-119
4190485	2794	3042	-20
4191125	3147	3064	-27
4191765	3705	2770	-10
4192405	4369	2242	191
4193045	5045	1436	340
4193685	5517	1138	585
4194325	5807	1290	720
4194965	5997	993	806
4195605	6187	671	863
4196245	6305	105	928
4196885	6442	79	1064
4197525	6652	-193	1265
4198165	6876	-445	1424
4198805	6943	-551	1552
4199445	7182	-428	1706
4200085	7380	-554	1880
4200725	7559	-565	2019
4201365	7655	-373	2055
4202005	7797	-167	2233
4202645	7679	86	2203
4203285	7545	797	1901
4203925	7363	916	1722
4204565	7137	1129	1727
4205205	6836	917	1707
4205845	6140	956	1687
4206485	5580	111	1559
4207125	4460	335	1340
4207765	4179	1397	1522
4208405	4634	240	1804
4209045	4773	-316	2222
4209685	3883	607	1939
4210325	3504	520	1353
4210965	3303	399	895
4211605	3348	227	717
4212245	3434	333	712
4212885	3462	394	705
4213525	3335	759	732
4214165	3308	860	764
4214805	3421	735	844
4215445	3334	480	904
4216085	3300	650	983
4216725	3205	336	995
4217365	3109	336	959
4218005	3228	-44	907
4218645	3275	-353	788
4219285	3376	-562	642
4219925	3288	-675	433
4220565	3188	-628	272
4221205	3099	-715	158
4221845	3094	-828	50
4222485	2843	-637	37
4223125	2537	-195	31
4223765	2901	-784	-11
4224405	2814	-1492	-111
4225045	2400	-1445	-223
4225685	2259	-999	-346
4226325	2337	-875	-514
4226965	2286	-1006	-629
4227605	2256	-848	-639
4228245	2035	-604	-500
4228885	1747	-860	-460
4229525	1650	-441	-453
4230165	1562	-204	-346
4230805	1521	-20	-184
4231445	1353	-414	-149
4232085	1309	-501	-120
4232725	1197	-449	-180
4233365	1245	-367	-181
4234005	1233	-99	-194
4234645	1136	261	-169
4235285	1058	331	-125
4235925	915	367	-92
4236565	724	361	-61
4237205	729	-10	-65
4237845	638	113	-45
4238485	652	-46	4
4239125	630	-211	29
4239765	495	-284	32
4240405	297	-37	-11
4241045	185	-93	-33
4241685	36	-85	-62
4242325	17	-70	-79
4242965	-34	-217	-94
4243605	-83	-124	-104
4244245	-84	-20	-96
4244885	-58	-4	-91
4245525	-92	-55	-60
4246165	-123	-110	-71
4246805	-142	-66	-70
4247445	-87	42	-25
4248085	-58	-15	-10
4248725	-121	65	-8
4249365	-89	298	-14
4250005	-115	282	38
4250645	-23	14	41
4251285	-250	-79	-39
4251925	-166	255	-25
4252565	-9	692	66
4253205	-41	452	94
4253845	-136	266	110
4254485	-224	238	77
4255125	-240	260	140
4255765	-211	228	153
4256405	-261	327	161
4257045	-251	306	118
4257685	-256	169	107
4258325	-346	158	121
4258965	-347	-139	106
4259605	-393	24	126
4260245	-365	58	126
4260885	-297	-21	162
4261525	-306	104	158
4262165	-333	120	123
4262805	-291	76	116
4263445	-237	79	131
4264085	-161	149	143
4264725	-129	194	148
4265365	-79	185	167
4266005	-96	202	159
4266645	-71	209	172
4267285	-19	139	173
4267925	-58	151	181
4268565	-87	223	163
4269205	-67	219	159
4269845	-110	235	141
4270485	-222	347	122
4271125	-240	396	117
4271765	-296	350	168
4272405	-354	55	117
4273045	-575	124	31
4273685	-467	295	35
4274325	-388	517	84
4274965	-373	288	123
4275605	-466	-5	106
4276245	-527	-4	67
4276885	-427	-39	86
4277525	-311	115	94
4278165	-147	224	94
4278805	-29	115	113
4279445	-24	100	92
4280085	-13	63	79
4280725	16	-91	73
4281365	2	39	46
4282005	209	1	60
4282645	133	112	49
4283285	143	46	32
4283925	97	68	5
4284565	64	92	3
4285205	108	7	-6
4285845	112	48	26
4286485	78	9	18
4287125	36	18	-2
4287765	-8	-27	-2
4288405	-34	-44	-27
4289045	-72	-17	-33
4289685	-67	42	-4
4290325	-45	85	-9
4290965	-77	126	12
4291605	-126	211	23
4292245	-203	299	11
4292885	-158	368	78
4293525	-71	148	57
4294165	-492	152	-43
4294805	-422	226	-88
4295445	-452	566	-81
4296085	-474	733	-36
4296725	-559	353	-23
4297365	-703	195	-81
4298005	-744	313	-67
4298645	-622	186	-39
4299285	-601	315	-64
4299925	-565	418	-43
4300565	-499	314	-54
4301205	-549	334	-50
4301845	-566	178	-62
4302485	-588	391	-34
4303125	-477	391	9
4303765	-573	450	11
4304405	-599	513	41
4305045	-701	343	12
4305685	-759	408	13
4306325	-777	273	33
4306965	-819	304	13
4307605	-772	349	-11
4308245	-726	383	-67
4308885	-465	480	-94
4309525	-220	490	-191
4310165	-45	823	-329
4310805	383	863	-425
4311445	875	714	-395
4312085	1316	929	-392
4312725	1560	931	-351
4313365	1723	1155	-393
4314005	1899	1442	-337
4314645	2227	1400	-232
4315285	2169	1305	-159
4315925	2363	1549	-1
4316565	2873	1569	106
4317205	3459	1241	298
4317845	3993	935	459
4318485	4597	474	641
4319125	5073	262	514
4319765	5335	533	386
4320405	5612	835	227
4321045	5790	659	297
4321685	6001	695	388
4322325	6116	847	475
4322965	6326	946	475
4323605	6569	1198	499
4324245	6786	1378	517
4324885	6852	1485	510
4325525	7024	1660	544
4326165	7012	1607	457
4326805	7104	1650	391
4327445	6870	1867	185
4328085	6897	1826	4
4328725	6440	2346	-68
4329365	6164	3061	-280
4330005	6054	3018	-563
4330645	5972	3057	-703
4331285	6155	3178	-814
4331925	6029	2211	-951
4332565	5757	1788	-956
4333205	5658	2019	-865
4333845	5631	1132	-496
4334485	5722	807	31
4335125	6048	236	565
4335765	6281	-188	953
4336405	5968	-907	1153
4337045	5910	-647	1187
4337685	5987	-265	1327
4338325	6129	-516	1449
4338965	6027	-740	1558
4339605	5904	-844	1630
4340245	5722	-918	1641
4340885	5489	-929	1688
4341525	5307	-922	1817
4342165	4878	-848	1876
4342805	4549	-738	1969
4343445	4277	-933	2036
4344085	3893	-526	2007
4344725	3637	-79	1968
4345365	3522	-110	1864
4346005	3322	279	1794
4346645	3333	276	1871
4347285	3264	151	2088
4347925	2840	49	2142
4348565	2381	478	2044
4349205	1914	676	1926
4349845	1675	628	1869
4350485	1471	747	1995
4351125	1217	925	1898
4351765	797	1349	1597
4352405	273	1907	1252
4353045	-43	1860	986
4353685	-290	1736	814
4354325	-596	1838	793
4354965	-688	1902	795
4355605	-860	1127	662
4356245	-783	1313	513
4356885	-1000	741	330
4357525	-729	466	118
4358165	-473	923	32
4358805	-334	467	-98
4359445	-356	-215	-322
4360085	-136	-618	-376
4360725	100	-584	-435
4361365	260	-613	-473
4362005	461	-723	-492
4362645	256	-780	-532
4363285	642	-1067	-539
4363925	623	-1416	-600
4364565	495	-936	-612
4365205	244	-1043	-657
4365845	366	-844	-639
4366485	285	-922	-640
4367125	278	-573	-630
4367765	417	-591	-626
4368405	576	-396	-577
4369045	609	-250	-544
4369685	702	-262	-433
4370325	762	-389	-328
4370965	651	-278	-270
4371605	555	-164	-220
4372245	486	-271	-190
4372885	324	-104	-160
4373525	317	-45	-50
4374165	387	20	48
4374805	457	228	81
4375445	411	108	155
4376085	607	-52	62
4376725	93	-212	-53
4377365	305	-64	-89
4378005	390	352	-70
4378645	465	300	-9
4379285	364	24	-8
4379925	145	-29	-119
4380565	117	150	-147
4381205	158	287	-189
4381845	212	407	-171
4382485	151	448	-245
4383125	192	409	-250
4383765	221	215	-279
4384405	182	221	-282
4385045	246	248	-263
4385685	385	137	-222
4386325	339	182	-224
4386965	321	188	-250
4387605	290	154	-262
4388245	276	135	-278
4388885	334	65	-287
4389525	351	127	-271
4390165	306	213	-248
4390805	260	154	-239
4391445	252	126	-239
4392085	228	199	-207
4392725	259	193	-182
4393365	232	235	-144
4394005	181	294	-134
4394645	113	414	-108
4395285	166	366	-53
4395925	174	382	12
4396565	-170	119	-32
4397205	-128	42	-28
4397845	21	255	4
4398485	84	667	105
4399125	92	197	133
4399765	47	2	100
4400405	18	-44	48
4401045	52	-65	50
4401685	121	-42	73
4402325	200	-100	57
4402965	160	-181	40
4403605	72	-168	28
4404245	103	-446	-14
4404885	90	-194	20
4405525	192	-197	41
4406165	153	-96	33
4406805	94	-6	30
4407445	34	-104	6
4408085	-37	-50	-4
4408725	-56	-93	2
4409365	-53	-88	24
4410005	-81	-43	3
4410645	-97	40	21
4411285	-124	29	6
4411925	-140	21	-14
4412565	-129	62	-22
4413205	-131	98	-27
4413845	-128	124	-59
4414485	-191	282	-82
4415125	-130	257	-96
4415765	-196	263	-57
4416405	-165	16	-103
4417045	-464	64	-173
4417685	-281	8	-189
4418325	-273	447	-126
4418965	-257	333	-81
4419605	-163	289	-47
4420245	-171	470	-9
4420885	-169	571	-11
4421525	-66	657	41
4422165	-37	588	54
4422805	-48	514	122
4423445	-14	481	187
4424085	50	225	161
4424725	-143	194	108
4425365	-153	40	65
4426005	-130	-91	46
4426645	-215	77	24
4427285	-186	-54	-16
4427925	-152	-13	-35
4428565	-138	69	-18
4429205	-171	151	31
4429845	-134	136	94
4430485	-170	182	162
4431125	-254	180	182
4431765	-239	95	215
4432405	-190	140	236
4433045	-197	233	287
4433685	-125	281	309
4434325	-262	385	299
4434965	-405	402	228
4435605	-640	448	244
4436245	-746	302	191
4436885	-1252	407	128
4437525	-1152	292	125
4438165	-1446	1034	255
4438805	-1566	1067	387
4439445	-1709	885	504
4440085	-1766	989	619
4440725	-2175	1507	626
4441365	-2473	2077	692
4442005	-2707	2337	616
4442645	-3171	2597	555
4443285	-3726	2807	508
4443925	-4155	2841	489
4444565	-4652	2543	372
4445205	-5192	3153	376
4445845	-5575	3109	145
4446485	-5714	2474	-62
4447125	-6368	1685	-310
4447765	-6859	1175	-561
4448405	-7577	1469	-836
4449045	-8057	1761	-920
4449685	-8382	1410	-1060
4450325	-8655	1122	-1228
4450965	-9133	1084	-1362
4451605	-9223	561	-1487
4452245	-8941	-561	-1731
4452885	-8902	-1228	-1835
4453525	-8965	-1252	-2007
4454165	-8993	-1395	-2407
4454805	-8813	-1784	-2575
4455445	-8844	-2157	-2665
4456085	-8856	-2777	-2772
4456725	-8971	-2256	-2926
4457365	-8548	-2249	-3047
4458005	-8468	-1828	-3076
4458645	-8214	-1768	-3027
4459285	-7749	-1955	-3020
4459925	-7585	-2009	-3000
4460565	-7318	-1699	-2893
4461205	-7075	-1566	-2652
4461845	-6528	-1800	-2438
4462485	-6190	-1644	-2057
4463125	-6305	-1103	-1864
4463765	-6075	-1539	-1969
4464405	-5963	-2087	-2059
4465045	-6386	-2140	-2091
4465685	-7218	-2121	-2203
4466325	-7830	-1764	-2087
4466965	-7436	-1129	-1491
4467605	-6555	-599	-923
4468245	-6674	540	-555
4468885	-7064	750	-438
4469525	-7660	451	-413
4470165	-8010	228	-418
4470805	-8159	-67	-378
4471445	-8290	36	-398
4472085	-8107	480	-444
4472725	-8019	862	-544
4473365	-7941	1260	-693
4474005	-7870	1407	-774
4474645	-7986	1290	-814
4475285	-8109	1044	-816
4475925	-8410	785	-882
4476565	-8415	612	-863
4477205	-8194	1514	-637
4477845	-7926	1062	-472
4478485	-7757	891	-349
4479125	-7626	1228	-312
4479765	-7557	1320	-317
4480405	-7149	945	-388
4481045	-6716	601	-420
4481685	-6815	870	-461
4482325	-6523	634	-535
4482965	-6556	-4	-594
4483605	-6133	-900	-676
4484245	-5968	-660	-673
4484885	-5353	-917	-646
4485525	-4781	-1062	-573
4486165	-4576	-2152	-641
4486805	-4084	-1739	-590
4487445	-3297	-1832	-276
4488085	-2751	-1821	27
4488725	-2097	-1259	168
4489365	-1919	-581	151
4490005	-1575	-218	89
4490645	-1032	-274	173
4491285	-493	-381	238
4491925	-240	-101	221
4492565	-132	102	140
4493205	-76	114	67
4493845	78	320	88
4494485	464	308	134
4495125	227	-166	144
4495765	338	-40	73
4496405	477	77	52
4497045	393	566	114
4497685	180	82	128
4498325	-4	-259	150
4498965	-320	-255	112
4499605	-352	-41	35
4500245	-260	-17	24
4500885	-246	125	-14
4501525	-293	-113	-96
4502165	-392	-196	-177
4502805	-468	-189	-188
4503445	-526	-639	-206
4504085	-569	-389	-163
4504725	-375	-640	-113
4505365	-558	-408	-71
4506005	-628	-240	-50
4506645	-687	-302	-88
4507285	-664	-306	-84
4507925	-531	-432	-83
4508565	-567	-470	-100
4509205	-580	-516	-170
4509845	-413	-539	-171
4510485	-348	-622	-213
4511125	-207	-716	-236
4511765	-210	-538	-189
4512405	-180	-352	-177
4513045	-199	-208	-116
4513685	-208	-31	-112
4514325	-55	89	-32
4514965	-405	-345	-72
4515605	-451	-13	-89
4516245	-263	-226	-75
4516885	-269	367	-7
4517525	-116	0	36
4518165	-184	-217	10
4518805	-345	-27	-33
4519445	-374	151	-44
4520085	-340	171	-10
4520725	-378	13	32
4521365	-463	49	-6
4522005	-471	141	-11
4522645	-438	-191	-37
4523285	-530	-79	-77
4523925	-404	-108	-102
4524565	-433	-49	-122
4525205	-412	-28	-105
4525845	-373	-38	-116
4526485	-410	7	-123
4527125	-402	-97	-134
4527765	-271	-74	-89
4528405	-231	-151	-63
4529045	-178	-215	-27
4529685	-200	-358	-20
4530325	-29	-421	3
4530965	-63	-390	-4
4531605	-150	-284	-13
4532245	-306	-140	-42
4532885	-201	-160	5
4533525	-140	-151	84
4534165	-96	-167	105
4534805	-149	-75	82
4535445	-298	40	64
4536085	-303	52	108
4536725	-219	70	173
4537365	-225	89	215
4538005	-166	96	264
4538645	-186	274	312
4539285	-305	385	292
4539925	9	486	449
4540565	-163	87	431
4541205	-335	77	431
4541845	-239	-169	325
4542485	-226	686	402
4543125	-80	387	477
4543765	-108	-6	459
4544405	-200	6	402
4545045	-169	110	360
4545685	-98	86	344
4546325	-15	77	360
4546965	-64	-55	314
4547605	-103	-58	246
4548245	-77	-31	211
4548885	-56	-99	195
4549525	-33	-381	153
4550165	-144	-307	96
4550805	-63	-166	47
4551445	-128	-77	38
4552085	-118	-299	29
4552725	-96	-216	3
4553365	-96	-230	-7
4554005	-119	-260	-21
4554645	-110	-190	-25
4555285	-72	-163	-1
4555925	-99	-171	-4
4556565	-31	-165	4
4557205	-39	-253	17
4557845	-65	-286	-4
4558485	-44	-209	-2
4559125	-64	-226	-12
4559765	-26	-215	-10
4560405	39	-179	-4
4561045	101	-203	-14
4561685	82	-132	-19
4562325	46	-41	-37
4562965	51	15	-39
4563605	119	88	-14
4564245	127	91	12
4564885	230	32	31
4565525	334	41	75
4566165	472	134	64
4566805	555	122	55
4567445	623	163	51
4568085	777	205	49
4568725	971	290	60
4569365	1121	411	30
4570005	1360	497	5
4570645	1615	654	-24
4571285	1925	738	-89
4571925	2190	859	-153
4572565	2530	990	-198
4573205	2965	983	-211
4573845	3369	983	-293
4574485	3786	1094	-361
4575125	4165	1194	-444
4575765	4650	1256	-549
4576405	5082	1585	-641
4577045	5744	1736	-757
4577685	6256	1900	-859
4578325	6774	2193	-916
4578965	7061	2386	-1088
4579605	7360	2797	-1274
4580245	7698	3138	-1501
4580885	8025	3153	-1667
4581525	8180	2988	-1902
4582165	7864	3236	-2166
4582805	7398	3319	-2330
4583445	6987	1790	-2574
4584085	6808	1376	-2558
4584725	6728	1425	-2253
4585365	6674	844	-1874
4586005	6450	40	-1426
4586645	6331	-76	-966
4587285	6254	88	-512
4587925	6262	-5	-132
4588565	6178	-241	161
4589205	5871	-209	414
4589845	5398	-320	523
4590485	5078	-486	614
4591125	4826	-556	778
4591765	4649	-494	1002
4592405	4497	-320	1206
4593045	4339	-688	1259
4593685	3884	-429	1293
4594325	3500	-219	1198
4594965	3013	-144	1096
4595605	2600	190	1021
4596245	2204	289	942
4596885	1882	183	913
4597525	1619	-8	867
4598165	1295	-95	841
4598805	1010	73	889
4599445	652	78	895
4600085	223	-143	852
4600725	-52	-226	971
4601365	-244	-295	1187
4602005	-391	-3	1369
4602645	-454	270	1531
4603285	-544	615	1485
4603925	-554	653	1411
4604565	-670	468	1381
4605205	-441	515	1440
4605845	-254	624	1613
4606485	-525	910	1570
4607125	-1055	693	1219
4607765	-1391	362	944
4608405	-1299	440	878
4609045	-989	538	936
4609685	-694	495	1003
4610325	-485	383	1017
4610965	-147	123	1031
4611605	28	-3	990
4612245	180	-109	899
4612885	266	-263	793
4613525	366	-352	679
4614165	620	-618	581
4614805	737	-732	504
4615445	957	-824	455
4616085	1216	-1083	401
4616725	1284	-1132	315
4617365	1157	-1115	159
4618005	1356	-999	78
4618645	1189	-1454	-133
4619285	806	-1442	-288
4619925	917	-1865	-510
4620565	645	-1139	-660
4621205	575	-690	-728
4621845	512	-1069	-842
4622485	358	-1009	-912
4623125	203	-526	-930
4623765	196	-157	-881
4624405	293	-123	-808
4625045	411	-154	-709
4625685	395	-173	-632
4626325	304	-170	-606
4626965	211	-160	-585
4627605	44	-86	-586
4628245	-21	8	-544
4628885	-40	-425	-590
4629525	-31	-88	-546
4630165	-58	-10	-538
4630805	44	107	-563
4631445	175	72	-553
4632085	325	256	-530
4632725	468	357	-541
4633365	724	445	-480
4634005	674	604	-474
4634645	653	622	-470
4635285	609	500	-433
4635925	553	644	-424
4636565	598	697	-398
4637205	636	639	-343
4637845	633	581	-325
4638485	608	544	-319
4639125	548	494	-296
4639765	547	401	-273
4640405	546	257	-233
4641045	492	144	-184
4641685	483	110	-161
4642325	429	120	-90
4642965	405	39	-56
4643605	351	41	-22
4644245	290	25	-13
4644885	261	-6	26
4645525	207	72	5
4646165	156	116	23
4646805	106	81	5
4647445	61	49	7
4648085	20	73	46
4648725	0	5	9
4649365	-42	25	19
4650005	-86	12	-14
4650645	-115	-6	-18
4651285	-86	-36	-47
4651925	-112	-52	-47
4652565	-136	-135	-105
4653205	-151	-197	-114
4653845	-156	-175	-131
4654485	-176	-109	-134
4655125	-172	-104	-112
4655765	-217	-50	-107
4656405	-298	81	-113
4657045	-242	312	-36
4657685	-305	-207	-92
4658325	-532	-115	-161
4658965	-496	-252	-223
4659605	-429	280	-136
4660245	-419	43	-80
4660885	-488	-207	-79
4661525	-526	-242	-108
4662165	-598	-54	-79
4662805	-535	15	-71
4663445	-478	48	-53
4664085	-487	88	-46
4664725	-493	24	-43
4665365	-476	46	-56
4666005	-454	69	-45
4666645	-444	-3	-27
4667285	-401	-104	-58
4667925	-489	-12	-43
4668565	-473	39	-68
4669205	-421	48	-56
4669845	-465	176	-69
4670485	-457	74	-51
4671125	-497	139	-51
4671765	-498	207	-65
4672405	-469	155	-59
4673045	-459	224	-54
4673685	-414	221	-39
4674325	-422	218	-25
4674965	-352	311	-1
4675605	-378	409	22
4676245	-396	219	22
4676885	-440	159	31
4677525	-313	123	52
4678165	-298	165	56
4678805	-246	188	76
4679445	-200	129	98
4680085	-184	88	85
4680725	-204	140	85
4681365	-221	154	61
4682005	-170	231	60
4682645	-109	229	64
4683285	-130	237	53
4683925	-109	255	28
4684565	-109	293	7
4685205	-136	331	11
4685845	-110	364	-6
4686485	-115	395	29
4687125	-169	399	31
4687765	-139	513	56
4688405	-128	544	82
4689045	-235	617	104
4689685	-294	796	115
4690325	-355	989	102
4690965	-325	1245	143
4691605	-325	1536	180
4692245	-421	1773	183
4692885	-689	1857	194
4693525	-1162	1790	168
4694165	-1634	1626	105
4694805	-1801	1571	298
4695445	-2201	1079	334
4696085	-2763	1298	360
4696725	-2910	873	370
4697365	-3417	1760	424
4698005	-3954	2014	444
4698645	-4491	2045	374
4699285	-4780	1803	350
4699925	-4753	2136	538
4700565	-4774	2903	794
4701205	-4759	2867	947
4701845	-4860	1997	883
4702485	-5180	1406	625
4703125	-5671	1404	311
4703765	-5806	1363	3
4704405	-5840	946	-115
4705045	-5675	389	-201
4705685	-5736	163	-335
4706325	-5800	413	-613
4706965	-5936	506	-893
4707605	-5909	273	-1224
4708245	-5990	0	-1482
4708885	-6256	-51	-1725
4709525	-6361	-519	-1924
4710165	-6569	-696	-2076
4710805	-6560	-702	-2195
4711445	-6675	-651	-2194
4712085	-6836	-823	-2192
4712725	-6980	-724	-2176
4713365	-6791	-709	-2099
4714005	-6643	-607	-1913
4714645	-6370	-743	-1785
4715285	-6047	-617	-1751
4715925	-5654	-691	-1714
4716565	-5209	-869	-1647
4717205	-4794	-894	-1563
4717845	-4235	-1100	-1513
4718485	-3704	-997	-1505
4719125	-3165	-1084	-1528
4719765	-2869	-819	-1516
4720405	-2420	-376	-1413
4721045	-2023	-578	-1225
4721685	-1726	-453	-1077
4722325	-1934	-118	-1012
4722965	-2056	282	-1047
4723605	-2230	-91	-979
4724245	-2491	-229	-897
4724885	-2963	80	-864
4725525	-3202	68	-819
4726165	-3102	-199	-885
4726805	-3076	-246	-888
4727445	-3142	292	-847
4728085	-2968	281	-822
4728725	-3005	230	-814
4729365	-3193	392	-811
4730005	-3324	149	-821
4730645	-3356	-184	-793
4731285	-3467	-145	-743
4731925	-3308	197	-509
4732565	-3430	-633	-431
4733205	-3708	-504	-309
4733845	-3144	-821	-153
4734485	-2871	-502	155
4735125	-2724	-503	413
4735765	-2745	-1104	525
4736405	-2785	-1411	553
4737045	-2930	-1383	539
4737685	-2821	-1464	554
4738325	-2738	-1449	575
4738965	-2490	-1747	594
4739605	-2432	-2087	514
4740245	-2598	-1603	521
4740885	-2078	-1553	581
4741525	-1727	-2010	624
4742165	-1448	-1974	668
4742805	-1228	-1613	666
4743445	-866	-1213	615
4744085	-819	-1089	549
4744725	-658	-770	434
4745365	-538	-779	324
4746005	-448	-605	271
4746645	-365	-560	264
4747285	-265	-447	297
4747925	-173	-343	327
4748565	-72	-332	357
4749205	-62	-371	383
4749845	-45	-412	336
4750485	-104	-441	305
4751125	-137	-522	230
4751765	-251	-478	187
4752405	-295	-412	149
4753045	-293	-362	154
4753685	-318	-231	116
4754325	-278	-32	148
4754965	-279	128	133
4755605	-299	164	111
4756245	-271	176	90
4756885	-293	148	52
4757525	-280	73	31
4758165	-249	-36	3
4758805	-153	-51	-19
4759445	-66	-61	-38
4760085	39	-58	-42
4760725	39	-117	-56
4761365	93	-20	-61
4762005	186	51	-95
4762645	293	249	-54
4763285	58	-384	-113
4763925	177	-207	-177
4764565	148	-93	-237
4765205	320	332	-185
4765845	286	9	-169
4766485	219	-244	-245
4767125	192	-279	-270
4767765	147	-56	-286
4768405	140	-26	-279
4769045	101	-118	-271
4769685	17	-166	-295
4770325	-108	-317	-347
4770965	-152	-313	-351
4771605	-171	-180	-353
4772245	-216	-189	-306
4772885	-203	-441	-314
4773525	-342	-149	-321
4774165	-279	-121	-325
4774805	-309	-44	-300
4775445	-390	112	-293
4776085	-393	69	-306
4776725	-384	104	-270
4777365	-397	34	-249
4778005	-460	127	-238
4778645	-445	228	-229
4779285	-380	346	-195
4779925	-300	362	-165
4780565	-283	390	-151
4781205	-300	400	-170
4781845	-288	487	-145
4782485	-260	477	-145
4783125	-255	426	-139
4783765	-244	466	-143
4784405	-261	516	-158
4785045	-261	507	-160
4785685	-269	596	-152
4786325	-218	612	-154
4786965	-144	621	-160
4787605	-73	816	-172
4788245	-143	877	-174
4788885	-266	845	-236
4789525	-68	1068	-184
4790165	14	636	-229
4790805	-295	869	-292
4791445	-14	643	-377
4792085	52	1445	-333
4792725	402	1921	-216
4793365	741	1711	-145
4794005	926	1548	-112
4794645	1097	2002	-79
4795285	1415	2425	-16
4795925	1845	2559	23
4796565	2253	2794	73
4797205	2574	3028	79
4797845	2890	3320	68
4798485	3310	3668	87
4799125	3813	3956	168
4799765	4167	3893	227
4800405	4615	4058	252
4801045	5141	3848	311
4801685	5352	4273	357
4802325	5678	4527	526
4802965	5767	3511	543
4803605	5996	2331	524
4804245	6017	1703	627
4804885	6017	1545	628
4805525	6468	921	570
4806165	6671	651	818
4806805	6792	394	995
4807445	7037	-306	971
4808085	7115	-408	1032
4808725	7280	125	1145
4809365	7395	-51	1256
4810005	7294	-23	1299
4810645	7099	83	1383
4811285	6816	119	1383
4811925	6630	367	1452
4812565	6364	637	1509
4813205	6109	786	1556
4813845	5738	701	1554
4814485	5204	585	1372
4815125	4623	745	1254
4815765	4262	1015	1334
4816405	3946	1048	1376
4817045	3761	1381	1698
4817685	3562	820	1680
4818325	2902	306	1558
4818965	2792	362	1588
4819605	2657	284	1559
4820245	2707	-237	1483
4820885	2363	-558	1284
4821525	2310	-331	1140
4822165	3109	-644	1049
4822805	4177	-1071	1303
4823445	4214	358	1351
4824085	4351	427	1025
4824725	4560	-1009	535
4825365	4839	-1493	304
4826005	5224	-685	439
4826645	5805	-1087	520
4827285	6066	-1208	677
4827925	6042	-377	626
4828565	6114	-119	728
4829205	6111	-118	714
4829845	6243	-48	776
4830485	6406	68	741
4831125	6518	220	858
4831765	6851	149	922
4832405	6930	-54	879
4833045	6965	31	809
4833685	6963	59	741
4834325	6707	447	635
4834965	6490	316	471
4835605	5335	545	327
4836245	5540	222	362
4836885	5137	-547	316
4837525	4645	231	314
4838165	4400	-268	240
4838805	4067	-285	121
4839445	3692	-226	51
4840085	3363	-142	35
4840725	3051	-25	9
4841365	2897	267	27
4842005	2970	395	55
4842645	2806	453	39
4843285	2620	593	-37
4843925	2598	674	123
4844565	2350	23	40
4845205	2043	14	-53
4845845	2128	133	-108
4846485	2043	680	-36
4847125	1885	229	-27
4847765	1687	-243	-88
4848405	1472	-453	-174
4849045	1413	-349	-213
4849685	1348	-227	-265
4850325	1280	-129	-294
4850965	1260	-151	-340
4851605	1232	-181	-392
4852245	1069	-85	-418
4852885	807	-12	-397
4853525	741	-430	-338
4854165	580	169	-264
4854805	749	-344	-103
4855445	525	55	-59
4856085	120	440	-118
4856725	-143	376	-239
4857365	-333	189	-330
4858005	-349	-15	-293
4858645	-337	-193	-222
4859285	-304	-154	-144
4859925	-353	-125	-102
4860565	-445	-156	-66
4861205	-530	-271	-51
4861845	-645	-361	-59
4862485	-726	-344	-83
4863125	-794	-242	-82
4863765	-841	-52	-83
4864405	-840	-48	-110
4865045	-888	-95	-135
4865685	-830	-116	-137
4866325	-847	-271	-129
4866965	-806	-197	-146
4867605	-796	-29	-136
4868245	-808	5	-194
4868885	-891	40	-180
4869525	-793	227	-193
4870165	-698	458	-67
4870805	-748	-198	-115
4871445	-857	-318	-151
4872085	-733	54	-130
4872725	-649	734	-59
4873365	-488	80	-4
4874005	-611	-127	-10
4874645	-647	-156	-14
4875285	-588	-25	-14
4875925	-502	121	0
4876565	-403	140	30
4877205	-354	62	45
4877845	-370	34	21
4878485	-327	124	44
4879125	-284	-12	33
4879765	-251	-33	23
4880405	-208	130	12
4881045	-90	82	2
4881685	-105	123	-4
4882325	-115	195	-39
4882965	-90	230	-58
4883605	-66	267	-50
4884245	10	246	-61
4884885	36	328	-65
4885525	73	395	-58
4886165	116	432	-90
4886805	148	482	-93
4887445	205	510	-146
4888085	235	608	-142
4888725	299	713	-167
4889365	407	757	-207
4890005	550	960	-182
4890645	536	1136	-236
4891285	495	1118	-345
4891925	564	1249	-429
4892565	643	1490	-482
4893205	828	2098	-509
4893845	1158	2771	-443
4894485	1498	3311	-389
4895125	1638	3897	-328
4895765	2165	4394	-171
4896405	2396	4248	-120
4897045	2492	3047	-102
4897685	2835	2649	-166
4898325	3369	2687	-124
4898965	4043	2738	27
4899605	4220	2392	194
4900245	4380	1763	270
4900885	4519	1390	353
4901525	4625	1195	460
4902165	4854	853	546
4902805	4964	754	727
4903445	5073	639	941
4904085	5275	386	1165
4904725	5291	14	1368
4905365	5303	-372	1522
4906005	5196	-235	1627
4906645	5160	-422	1698
4907285	4887	-576	1741
4907925	4683	-767	1716
4908565	4303	-824	1661
4909205	3789	-565	1669
4909845	3460	-892	1663
4910485	2926	-921	1661
4911125	2025	-480	1735
4911765	1812	-783	1797
4912405	1849	-848	1982
4913045	1393	256	2076
4913685	1033	640	1934
4914325	1055	787	1709
4914965	1427	968	1681
4915605	1648	894	1636
4916245	1647	847	1478
4916885	1498	792	1193
4917525	1517	634	962
4918165	1631	137	763
4918805	1659	-89	592
4919445	1777	-163	504
4920085	1951	-116	446
4920725	2164	-67	429
4921365	2327	205	391
4922005	2666	146	458
4922645	2869	-426	273
4923285	2548	-367	54
4923925	2774	94	-154
4924565	3033	359	-202
4925205	3046	275	-305
4925845	2944	-80	-461
4926485	2773	-183	-561
4927125	2708	125	-596
4927765	2740	-42	-612
4928405	2798	-183	-563
4929045	2722	-346	-573
4929685	2632	-684	-683
4930325	2225	-829	-873
4930965	2147	-761	-997
4931605	2037	-988	-1045
4932245	2010	-637	-1112
4932885	1803	-461	-1168
4933525	1593	-63	-1023
4934165	1501	-247	-979
4934805	1434	-280	-807
4935445	1258	-314	-616
4936085	1023	-522	-472
4936725	838	-503	-333
4937365	771	-515	-225
4938005	651	-571	-77
4938645	546	-505	-8
4939285	520	-445	63
4939925	359	-368	116
4940565	301	-275	146
4941205	239	-317	203
4941845	176	-199	267
4942485	85	-223	297
4943125	-14	-298	332
4943765	-113	-163	348
4944405	-158	-131	357
4945045	-185	-32	345
4945685	-243	70	329
4946325	-293	236	319
4946965	-242	304	301
4947605	-129	188	332
4948245	-446	-173	272
4948885	-238	-153	181
4949525	-155	545	195
4950165	60	353	237
4950805	-52	-9	214
4951445	-73	-257	188
4952085	-61	-136	179
4952725	0	72	166
4953365	90	116	167
4954005	105	120	143
4954645	31	41	113
4955285	29	51	70
4955925	-67	4	51
4956565	-22	-7	61
4957205	-23	141	45
4957845	12	-17	67
4958485	49	-50	55
4959125	-33	63	46
4959765	-71	185	20
4960405	-78	156	29
4961045	-135	192	17
4961685	-145	206	23
4962325	-139	244	57
4962965	-146	326	62
4963605	-202	305	63
4964245	-225	334	71
4964885	-259	278	81
4965525	-203	296	85
4966165	-132	304	112
4966805	-161	283	92
4967445	-167	223	70
4968085	-106	145	66
4968725	-49	122	70
4969365	9	94	68
4970005	34	181	75
4970645	-23	274	67
4971285	35	409	43
4971925	74	273	102
4972565	-131	-43	65
4973205	-184	-148	-9
4973845	-182	345	-5
4974485	-176	850	75
4975125	-365	181	113
4975765	-690	-166	83
4976405	-958	-45	103
4977045	-1133	309	173
4977685	-1224	533	248
4978325	-1415	670	313
4978965	-1578	789	389
4979605	-1861	803	374
4980245	-2072	848	405
4980885	-2236	548	389
4981525	-2415	808	432
4982165	-2616	769	470
4982805	-2718	835	580
4983445	-2856	748	602
4984085	-3046	617	596
4984725	-3316	885	613
4985365	-3527	1021	588
4986005	-3883	1205	521
4986645	-4167	1384	456
4987285	-4443	1467	307
4987925	-4732	1687	204
4988565	-4882	1618	98
4989205	-5127	1402	0
4989845	-5440	1451	-144
4990485	-5545	1438	-207
4991125	-5554	1191	-235
4991765	-5216	726	-226
4992405	-5099	510	-256
4993045	-5145	-19	-439
4993685	-5506	178	-639
4994325	-5749	21	-841
4994965	-5943	-162	-1066
4995605	-5723	-141	-1109
4996245	-5620	-683	-1146
4996885	-5598	-1494	-1257
4997525	-5635	-1257	-1443
4998165	-5689	-341	-1589
4998805	-5393	-250	-1599
4999445	-5270	-741	-1552
5000085	-5313	-1021	-1565
5000725	-5185	-799	-1508
5001365	-4877	-620	-1431
5002005	-4554	-625	-1393
5002645	-4383	-450	-1323
5003285	-4139	-389	-1299
5003925	-3913	-384	-1268
5004565	-3555	-371	-1165
5005205	-2892	-612	-1026
5005845	-2522	-350	-1057
5006485	-2948	420	-1142
5007125	-3169	1325	-1057
5007765	-2922	411	-901
5008405	-2656	-229	-705
5009045	-2597	-294	-473
5009685	-2487	-144	-260
5010325	-2367	277	-231
5010965	-2434	626	-102
5011605	-2430	597	-139
5012245	-2555	231	-230
5012885	-2789	274	-364
5013525	-2770	282	-484
5014165	-2580	316	-480
5014805	-2297	710	-475
5015445	-2249	1049	-490
5016085	-2302	777	-558
5016725	-2685	602	-697
5017365	-2916	322	-815
5018005	-3059	-137	-901
5018645	-3218	-204	-902
5019285	-3341	-229	-837
5019925	-3137	-406	-763
5020565	-2884	-431	-513
5021205	-2402	-1208	-303
5021845	-2177	-1048	-185
5022485	-1839	-362	-133
5023125	-1800	146	-159
5023765	-1903	-703	-223
5024405	-1999	-1968	-184
5025045	-1901	-2088	-9
5025685	-1523	-1525	398
5026325	-1062	-1513	632
5026965	-938	-1567	716
5027605	-1035	-1198	631
5028245	-881	-1042	462
5028885	-745	-942	353
5029525	-659	-1093	221
5030165	-547	-825	112
5030805	-344	-715	38
5031445	-289	-460	-6
5032085	-214	-329	-36
5032725	-217	-263	-61
5033365	-200	-306	-111
5034005	-133	-328	-94
5034645	-63	-217	-95
5035285	68	-214	-74
5035925	109	-37	-80
5036565	195	95	-86
5037205	281	82	-125
5037845	333	148	-105
5038485	306	91	-123
5039125	248	152	-128
5039765	210	232	-148
5040405	192	236	-136
5041045	155	161	-161
5041685	188	104	-152
5042325	164	156	-153
5042965	140	180	-138
5043605	87	268	-142
5044245	174	477	-120
5044885	249	374	7
5045525	378	106	-34
5046165	23	32	-81
5046805	109	218	-102
5047445	197	930	-12
5048085	293	523	51
5048725	197	194	34
5049365	102	124	3
5050005	79	293	-17
5050645	86	397	-26
5051285	58	352	-63
5051925	2	295	-87
5052565	-50	202	-108
5053205	-72	163	-92
5053845	-85	-82	-90
5054485	-157	219	-83
5055125	-70	223	-26
5055765	-116	238	-31
5056405	-153	316	-7
5057045	-113	385	16
5057685	-64	505	25
5058325	-31	573	36
5058965	62	724	65
5059605	14	791	61
5060245	10	818	45
5060885	-40	961	11
5061525	-93	1025	-7
5062165	-181	1075	-58
5062805	-235	1193	-68
5063445	-364	1276	-71
5064085	-603	1298	-109
5064725	-810	1339	-173
5065365	-961	1156	-228
5066005	-1368	1092	-281
5066645	-1729	946	-343
5067285	-2471	671	-478
5067925	-3655	582	-739
5068565	-4763	852	-1102
5069205	-5656	1348	-1392
5069845	-6250	2088	-1277
5070485	-6390	1724	-1218
5071125	-6125	1250	-1146
5071765	-6281	1286	-1100
5072405	-6498	1610	-977
5073045	-6071	698	-928
5073685	-5480	-219	-811
5074325	-5364	-78	-739
5074965	-5139	-128	-706
5075605	-4848	-571	-762
5076245	-4824	-643	-819
5076885	-4832	-569	-833
5077525	-4593	-916	-863
5078165	-4467	-1333	-814
5078805	-4310	-1602	-842
5079445	-4713	-1529	-850
5080085	-4909	-1779	-1086
5080725	-5131	-2013	-1163
5081365	-5368	-1641	-1165
5082005	-5306	-1882	-1074
5082645	-5327	-2178	-962
5083285	-5670	-2127	-772
5083925	-5696	-1967	-602
5084565	-5440	-2091	-363
5085205	-5404	-1377	-126
5085845	-5398	-619	75
5086485	-5212	-771	92
5087125	-4917	-1481	95
5087765	-4715	-833	-25
5088405	-4531	-828	-264
5089045	-4683	-341	-348
5089685	-4672	342	-396
5090325	-4545	45	-251
5090965	-4296	-295	-120
5091605	-4273	-64	-8
5092245	-4539	405	-42
5092885	-5095	512	-318
5093525	-5308	174	-592
5094165	-5274	-285	-628
5094805	-5254	-953	-482
5095445	-5099	-406	-331
5096085	-4751	734	-259
5096725	-4493	1592	-268
5097365	-4208	1238	-253
5098005	-4157	673	-376
5098645	-4490	996	-524
5099285	-4719	894	-733
5099925	-4748	251	-813
5100565	-4676	-115	-823
5101205	-4490	-384	-701
5101845	-4254	-607	-577
5102485	-4054	-499	-440
5103125	-3801	-730	-266
5103765	-3417	-621	-104
5104405	-3088	-775	-187
5105045	-3088	-552	-324
5105685	-3246	-379	-497
5106325	-3269	-642	-472
5106965	-3143	-1127	-372
5107605	-2644	-898	-62
5108245	-1893	-681	265
5108885	-1441	-639	546
5109525	-1424	-670	493
5110165	-1441	-500	233
5110805	-1226	-321	-22
5111445	-973	-244	-141
5112085	-812	-201	-220
5112725	-811	-93	-275
5113365	-865	-92	-347
5114005	-856	-126	-365
5114645	-768	-94	-314
5115285	-694	-156	-279
5115925	-687	-194	-242
5116565	-641	-158	-219
5117205	-655	-125	-218
5117845	-561	-4	-122
5118485	-326	-177	-115
5119125	-586	-171	-139
5119765	-442	-163	-175
5120405	-308	354	-100
5121045	-64	181	-13
5121685	-24	241	48
5122325	-23	153	23
5122965	-22	261	13
5123605	88	315	19
5124245	199	233	51
5124885	272	249	63
5125525	294	84	34
5126165	274	120	23
5126805	253	-124	-30
5127445	269	-31	-2
5128085	201	-317	-33
5128725	115	-378	-33
5129365	159	-203	0
5130005	272	-393	-18
5130645	455	-146	63
5131285	441	-198	78
5131925	491	-580	54
5132565	366	-404	34
5133205	417	-267	44
5133845	501	-163	71
5134485	476	-31	111
5135125	476	-262	74
5135765	354	-285	25
5136405	267	-150	-10
5137045	269	-226	-14
5137685	194	-177	-43
5138325	133	-90	-57
5138965	93	39	-67
5139605	2	121	-67
5140245	-28	87	-71
5140885	-123	231	-83
5141525	-88	334	-51
5142165	88	95	-38
5142805	-342	45	-44
5143445	-176	-182	-122
5144085	-167	554	-35
5144725	20	395	16
5145365	-79	22	-12
5146005	-127	-75	-58
5146645	-165	-72	-86
5147285	-83	64	-96
5147925	51	100	-94
5148565	31	-105	-120
5149205	-7	-47	-145
5149845	-3	-152	-137
5150485	8	-126	-129
5151125	100	28	-95
5151765	164	111	-54
5152405	133	169	-49
5153045	109	179	-29
5153685	116	242	-15
5154325	174	237	-14
5154965	162	245	1
5155605	123	194	-24
5156245	101	198	-60
5156885	76	235	-94
5157525	74	264	-102
5158165	79	240	-109
5158805	27	223	-130
5159445	-52	220	-152
5160085	-43	175	-147
5160725	-64	172	-158
5161365	-84	218	-159
5162005	-71	233	-162
5162645	-32	340	-150
5163285	-26	395	-128
5163925	-77	610	-132
5164565	10	682	-123
5165205	26	354	-87
5165845	-274	272	-126
5166485	-96	-198	-169
5167125	-124	613	-157
5167765	65	855	-77
5168405	58	328	-29
5169045	-13	75	-17
5169685	-88	123	-46
5170325	-35	288	-32
5170965	126	342	-15
5171605	267	361	-6
5172245	84	251	-62
5172885	170	95	-133
5173525	165	192	-110
5174165	105	-335	-121
5174805	181	22	-156
5175445	680	571	-74
5176085	1203	1165	108
5176725	1494	1259	218
5177365	1846	1294	244
5178005	2653	2123	426
5178645	3130	3485	705
5179285	4008	4330	765
5179925	4804	4647	730
5180565	5213	4254	822
5181205	5512	3276	836
5181845	5755	2447	702
5182485	5817	2068	484
5183125	6002	1116	304
5183765	6349	646	344
5184405	6544	451	655
5185045	6655	729	911
5185685	6880	804	1128
5186325	7187	710	1243
5186965	7394	539	1265
5187605	7848	862	1367
5188245	8291	936	1480
5188885	9064	794	1544
5189525	9675	705	1649
5190165	10331	439	1718
5190805	10952	805	1791
5191445	11789	1107	1825
5192085	12417	1206	1968
5192725	12809	561	2038
5193365	12777	228	2103
5194005	12501	41	2032
5194645	11854	-438	1871
5195285	10966	-916	1632
5195925	10188	-1092	1505
5196565	9555	-1277	1394
5197205	9313	-1223	1492
5197845	9304	52	1490
5198485	9322	-72	1552
5199125	9265	-468	1559
5199765	9127	-300	1525
5200405	9418	613	1833
5201045	9567	1262	2072
5201685	9473	1806	1908
5202325	9070	2009	1581
5202965	8483	1545	1184
5203605	7813	1319	902
5204245	6850	1217	617
5204885	6279	1158	559
5205525	6113	707	676
5206165	5790	533	639
5206805	5204	769	402
5207445	4966	1212	177
5208085	5012	997	336
5208725	5493	344	712
5209365	6003	116	1116
5210005	6010	179	1178
5210645	5988	17	947
5211285	5883	34	671
5211925	5874	23	697
5212565	5926	168	756
5213205	6100	360	743
5213845	6540	550	836
5214485	6240	382	831
5215125	6569	731	633
5215765	6336	941	451
5216405	6641	1298	379
5217045	6582	818	346
5217685	6478	715	211
5218325	6328	453	52
5218965	6267	359	-75
5219605	5930	-27	-264
5220245	5325	-243	-451
5220885	5009	-617	-550
5221525	4177	-1497	-767
5222165	3762	-1716	-892
5222805	2900	-2814	-1253
5223445	2377	-2331	-1436
5224085	2028	-1306	-1480
5224725	2091	-780	-1455
5225365	1922	-34	-1321
5226005	1749	-7	-1155
5226645	1636	176	-924
5227285	1765	416	-592
5227925	1979	520	-323
5228565	2251	768	-141
5229205	2013	950	-60
5229845	1881	958	78
5230485	1911	816	100
5231125	1872	717	173
5231765	1942	652	265
5232405	2017	172	337
5233045	1906	-106	504
5233685	1763	-63	621
5234325	1800	-488	654
5234965	1462	-194	632
5235605	1264	252	563
5236245	1127	177	534
5236885	1106	424	480
5237525	1258	285	599
5238165	1299	23	623
5238805	775	-181	621
5239445	857	86	475
5240085	710	1040	585
5240725	843	986	644
5241365	739	356	652
5242005	599	-5	611
5242645	437	111	507
5243285	339	162	440
5243925	295	151	351
5244565	223	140	324
5245205	105	-47	254
5245845	-21	-130	173
5246485	-96	-73	122
5247125	-228	-358	43
5247765	-210	-106	11
5248405	-232	-89	32
5249045	-298	-61	8
5249685	-359	-99	-6
5250325	-369	-56	-24
5250965	-301	39	-15
5251605	-300	72	-8
5252245	-298	95	-9
5252885	-331	156	-34
5253525	-352	164	-55
5254165	-392	204	-42
5254805	-375	212	-56
5255445	-358	304	-32
5256085	-337	355	-22
5256725	-351	295	-48
5257365	-339	304	-50
5258005	-364	291	-69
5258645	-314	327	-67
5259285	-330	358	-69
5259925	-322	394	-55
5260565	-324	531	-71
5261205	-269	619	41
5261845	-260	223	-1
5262485	-394	79	-79
5263125	-326	185	-88
5263765	-206	967	-23
5264405	-78	651	27
5265045	-308	333	-3
5265685	-336	192	-59
5266325	-387	258	-105
5266965	-434	216	-123
5267605	-363	251	-53
5268245	-384	234	-88
5268885	-477	5	-106
5269525	-504	90	-149
5270165	-626	43	-99
5270805	-633	-362	-100
5271445	-657	-72	-120
5272085	-556	-15	-100
5272725	-647	163	-85
5273365	-712	156	-88
5274005	-722	63	-75
5274645	-771	53	-78
5275285	-780	70	-70
5275925	-823	48	-76
5276565	-865	76	-87
5277205	-910	65	-92
5277845	-929	13	-83
5278485	-1013	37	-75
5279125	-1015	65	-57
5279765	-1132	105	-63
5280405	-1210	44	-72
5281045	-1282	23	-58
5281685	-1350	119	-32
5282325	-1432	177	-28
5282965	-1586	217	-6
5283605	-1872	344	-7
5284245	-1918	728	59
5284885	-2143	509	114
5285525	-2699	469	190
5286165	-2831	496	287
5286805	-3241	1161	347
5287445	-3643	2113	493
5288085	-4162	2106	563
5288725	-4730	1628	546
5289365	-5192	1374	544
5290005	-5529	1498	561
5290645	-5929	1633	561
5291285	-6113	1548	517
5291925	-6333	1088	433
5292565	-6536	905	319
5293205	-6588	1072	175
5293845	-6432	440	49
5294485	-6304	-34	-91
5295125	-6417	-250	-349
5295765	-6691	45	-632
5296405	-6893	117	-847
5297045	-7031	-275	-1015
5297685	-7141	-547	-1182
5298325	-7178	-766	-1266
5298965	-7177	-943	-1352
5299605	-6972	-1169	-1407
5300245	-6571	-1202	-1383
5300885	-6263	-1039	-1285
5301525	-5932	-979	-1207
5302165	-5786	-863	-1144
5302805	-5837	-583	-1064
5303445	-5296	-624	-980
5304085	-4916	-458	-903
5304725	-4379	-269	-885
5305365	-4048	-63	-924
5306005	-3888	82	-981
5306645	-3684	9	-1036
5307285	-3038	-142	-1065
5307925	-2597	356	-965
5308565	-2061	102	-1058
5309205	-2192	-123	-1256
5309845	-2021	455	-1350
5310485	-1847	1132	-1280
5311125	-1458	526	-1109
5311765	-1177	15	-962
5312405	-1244	74	-911
5313045	-1223	499	-938
5313685	-1184	820	-1080
5314325	-1197	896	-1134
5314965	-1303	779	-1127
5315605	-1693	424	-1120
5316245	-2318	184	-1182
5316885	-2387	-2	-1176
5317525	-1951	-302	-864
5318165	-1474	175	-531
5318805	-1494	544	-463
5319445	-1715	296	-551
5320085	-2188	-211	-804
5320725	-2318	-517	-969
5321365	-2132	-667	-986
5322005	-1825	-389	-896
5322645	-1492	41	-806
5323285	-1267	266	-776
5323925	-1169	693	-869
5324565	-1063	473	-977
5325205	-1135	63	-987
5325845	-1275	-91	-928
5326485	-1282	-402	-850
5327125	-1267	-439	-758
5327765	-1192	-595	-647
5328405	-1125	-876	-531
5329045	-1112	-1020	-385
5329685	-1121	-1170	-258
5330325	-1085	-1431	-186
5330965	-1103	-1724	-105
5331605	-1044	-1882	-22
5332245	-1134	-2268	8
5332885	-857	-2296	193
5333525	-920	-2729	202
5334165	-1086	-2236	240
5334805	-665	-1992	290
5335445	-505	-952	414
5336085	-447	-802	487
5336725	-600	-1190	420
5337365	-863	-1224	296
5338005	-971	-998	233
5338645	-817	-709	292
5339285	-690	-433	349
5339925	-730	-321	323
5340565	-776	-82	320
5341205	-910	43	342
5341845	-963	-190	304
5342485	-889	112	390
5343125	-861	66	416
5343765	-1036	335	465
5344405	-1025	332	492
5345045	-1002	246	544
5345685	-870	304	650
5346325	-697	257	746
5346965	-640	424	772
5347605	-501	298	780
5348245	-390	127	755
5348885	-375	42	712
5349525	-292	-71	677
5350165	-258	-99	601
5350805	-265	-79	548
5351445	-247	-146	488
5352085	-313	-186	416
5352725	-292	-209	349
5353365	-274	-336	286
5354005	-205	-397	243
5354645	-249	-303	129
5355285	-254	-345	134
5355925	-190	-363	84
5356565	-187	-338	36
5357205	-99	-202	-2
5357845	-52	-273	41
5358485	70	-619	-10
5359125	-170	-691	-36
5359765	-13	-599	-81
5360405	136	-146	12
5361045	242	-489	70
5361685	204	-778	93
5362325	172	-915	46
5362965	132	-750	12
5363605	164	-631	-32
5364245	207	-556	-54
5364885	191	-714	-80
5365525	128	-676	-137
5366165	-28	-457	-151
5366805	-43	-636	-220
5367445	-66	-142	-179
5368085	42	-239	-191
5368725	10	-236	-176
5369365	59	-8	-178
5370005	52	35	-199
5370645	90	160	-188
5371285	88	250	-184
5371925	97	290	-186
5372565	82	374	-168
5373205	168	570	-148
5373845	242	633	-94
5374485	224	636	-74
5375125	203	647	-72
5375765	129	632	-86
5376405	89	666	-78
5377045	27	604	-116
5377685	-70	606	-148
5378325	-137	637	-146
5378965	-173	617	-153
5379605	-254	586	-141
5380245	-443	529	-191
5380885	-803	561	-222
5381525	-1021	514	-221
5382165	-1007	237	-54
5382805	-846	163	59
5383445	-736	188	94
5384085	-615	1120	180
5384725	-489	1685	287
5385365	-378	1301	390
5386005	-393	1162	440
5386645	-450	1018	437
5387285	-419	1162	497
5387925	-301	1276	536
5388565	-234	1303	549
5389205	-268	1301	553
5389845	-344	1216	490
5390485	-324	1380	470
5391125	-367	1082	425
5391765	-385	1127	381
5392405	-320	1007	332
5393045	-302	929	297
5393685	-397	913	274
5394325	-499	695	243
5394965	-666	688	207
5395605	-754	500	209
5396245	-787	370	276
5396885	-1178	253	307
5397525	-1657	223	312
5398165	-1921	439	429
5398805	-2325	656	592
5399445	-2653	1096	677
5400085	-3088	1173	787
5400725	-3530	964	838
5401365	-4114	743	871
5402005	-4449	564	983
5402645	-4893	660	1089
5403285	-5250	985	1114
5403925	-5480	1161	1050
5404565	-5665	1071	964
5405205	-5881	769	749
5405845	-5842	878	586
5406485	-6167	849	283
5407125	-6340	246	-40
5407765	-6431	44	-417
5408405	-6429	222	-617
5409045	-6367	-55	-774
5409685	-6428	-507	-944
5410325	-6385	-660	-1108
5410965	-6378	-783	-1267
5411605	-6040	-308	-1367
5412245	-5652	-1	-1366
5412885	-5180	-30	-1405
5413525	-4725	-224	-1361
5414165	-4425	-31	-1301
5414805	-4064	84	-1186
5415445	-3697	-148	-1106
5416085	-3389	105	-1029
5416725	-2962	84	-944
5417365	-2613	332	-862
5418005	-2349	407	-779
5418645	-2371	373	-813
5419285	-2099	451	-852
5419925	-1849	257	-801
5420565	-1686	342	-773
5421205	-1719	476	-883
5421845	-1874	852	-1008
5422485	-1763	826	-980
5423125	-1494	564	-900
5423765	-1302	443	-819
5424405	-1304	552	-780
5425045	-1309	684	-814
5425685	-1731	586	-999
5426325	-2112	445	-1191
5426965	-2095	81	-1234
5427605	-2060	150	-1102
5428245	-2134	591	-1068
5428885	-2380	604	-1206
5429525	-2712	649	-1315
5430165	-3015	213	-1479
5430805	-3120	310	-1591
5431445	-3015	585	-1560
5432085	-2878	1008	-1468
5432725	-3041	988	-1416
5433365	-3490	778	-1471
5434005	-3900	187	-1554
5434645	-4251	-91	-1570
5435285	-4198	-145	-1388
5435925	-4116	-429	-1149
5436565	-3928	-430	-825
5437205	-3734	-345	-611
5437845	-3480	-531	-383
5438485	-3293	-881	-223
5439125	-3036	-631	0
5439765	-2464	-944	101
5440405	-2288	-860	221
5441045	-2233	-818	235
5441685	-2209	-1311	215
5442325	-2168	-1469	199
5442965	-2183	-1345	215
5443605	-1965	-1747	256
5444245	-1883	-1458	302
5444885	-1661	-1409	372
5445525	-1386	-1287	455
5446165	-1059	-919	551
5446805	-856	-759	620
5447445	-704	-568	582
5448085	-633	-467	527
5448725	-528	-553	432
5449365	-463	-506	357
5450005	-442	-464	258
5450645	-361	-476	288
5451285	-311	-296	332
5451925	-237	-151	343
5452565	-267	-225	411
5453205	-352	-500	370
5453845	-639	-647	307
5454485	-412	-449	289
5455125	-325	221	347
5455765	-244	-197	384
5456405	-192	-445	406
5457045	-200	-548	401
5457685	-44	-325	380
5458325	-36	-438	356
5458965	-76	-526	340
5459605	-163	-617	290
5460245	-231	-510	265
5460885	-235	-718	196
5461525	-292	-340	171
5462165	-115	-268	121
5462805	-197	-79	82
5463445	-83	-164	42
5464085	-94	-201	-9
5464725	-57	-137	-54
5465365	83	-182	-46
5466005	144	-41	-53
5466645	246	-26	-16
5467285	303	-63	-71
5467925	334	-37	-51
5468565	387	-103	-65
5469205	399	-106	-87
5469845	423	-82	-92
5470485	420	-108	-93
5471125	414	-30	-60
5471765	407	-42	-60
5472405	372	-31	-66
5473045	301	87	-65
5473685	281	289	-70
5474325	391	387	-48
5474965	388	-38	-81
5475605	-18	-31	-117
5476245	-1	-369	-212
5476885	-40	420	-179
5477525	117	392	-121
5478165	-22	123	-105
5478805	-97	-54	-123
5479445	-203	62	-134
5480085	-229	169	-153
5480725	-208	201	-139
5481365	-160	173	-134
5482005	-173	157	-137
5482645	-218	141	-133
5483285	-273	141	-117
5483925	-293	18	-123
5484565	-249	88	-112
5485205	-208	173	-129
5485845	-230	240	-116
5486485	-253	140	-143
5487125	-264	248	-163
5487765	-194	167	-139
5488405	-143	186	-115
5489045	-125	181	-111
5489685	-90	199	-102
5490325	-57	173	-101
5490965	0	163	-84
5491605	1	195	-85
5492245	-17	194	-87
5492885	-13	153	-89
5493525	-3	153	-99
5494165	27	144	-101
5494805	37	138	-96
5495445	93	158	-85
5496085	75	247	-62
5496725	25	354	-81
5497365	213	399	3
5498005	278	108	-36
5498645	-68	244	-66
5499285	88	-225	-121
5499925	56	630	-98
5500565	250	394	-37
5501205	138	302	-32
5501845	70	191	-35
5502485	-20	313	-45
5503125	20	389	-63
5503765	42	393	-60
5504405	8	359	-81
5505045	-3	273	-102
5505685	-50	329	-109
5506325	-60	225	-110
5506965	-140	205	-97
5507605	-82	224	-122
5508245	-181	427	-106
5508885	-132	292	-109
5509525	-194	430	-105
5510165	-185	383	-111
5510805	-168	351	-111
5511445	-154	446	-130
5512085	-118	469	-127
5512725	-62	528	-126
5513365	1	561	-142
5514005	65	647	-140
5514645	107	676	-143
5515285	110	849	-149
5515925	119	908	-181
5516565	125	996	-178
5517205	213	1028	-156
5517845	395	1107	-114
5518485	445	1272	-95
5519125	598	1426	-84
5519765	753	1602	-68
5520405	827	1959	-67
5521045	1049	2211	-61
5521685	1248	2207	-79
5522325	1385	2154	-71
5522965	1429	2332	-122
5523605	1727	3123	-86
5524245	2117	4018	79
5524885	2515	3570	254
5525525	2842	3016	312
5526165	3062	2892	228
5526805	3453	3075	274
5527445	3631	2811	236
5528085	3799	2484	231
5528725	3835	2138	202
5529365	3966	1665	185
5530005	4077	1070	194
5530645	4469	327	329
5531285	4633	924	510
5531925	4914	594	642
5532565	5123	238	702
5533205	5268	-53	715
5533845	5416	-166	748
5534485	5576	-118	830
5535125	5857	-99	929
5535765	6063	-109	1022
5536405	6260	37	1086
5537045	6453	165	1120
5537685	6610	344	1195
5538325	6613	395	1237
5538965	6464	184	1289
5539605	6294	-74	1324
5540245	6034	-220	1277
5540885	5589	-99	1210
5541525	5283	-290	1175
5542165	4730	-583	1107
5542805	4143	-611	996
5543445	3310	-834	838
5544085	2846	-634	824
5544725	2546	-802	871
5545365	2252	-179	1001
5546005	2177	427	1022
5546645	1747	6	875
5547285	1118	-134	645
5547925	882	-64	458
5548565	1256	425	488
5549205	1770	996	679
5549845	2036	337	727
5550485	1933	425	590
5551125	1862	804	446
5551765	1960	717	388
5552405	2206	512	379
5553045	2244	311	391
5553685	2088	329	414
5554325	2423	148	444
5554965	2819	76	556
5555605	3061	-3	554
5556245	3441	-35	546
5556885	3967	-382	522
5557525	3906	-197	412
5558165	4006	-237	240
5558805	4035	-406	30
5559445	3967	-243	-58
5560085	3657	-244	-114
5560725	3461	-691	-176
5561365	3253	-1010	-253
5562005	3071	-996	-303
5562645	2677	-1279	-454
5563285	2526	-749	-554
5563925	2500	-665	-478
5564565	2370	-594	-410
5565205	2213	-566	-334
5565845	2050	-472	-264
5566485	1911	-439	-159
5567125	1777	-322	-49
5567765	1759	-286	29
5568405	1716	-272	144
5569045	1543	-308	197
5569685	1399	-268	205
5570325	1264	1	209
5570965	1184	31	248
5571605	1166	-227	235
5572245	781	-420	178
5572885	802	-529	116
5573525	800	-46	144
5574165	854	-21	166
5574805	653	-283	145
5575445	581	-471	109
5576085	498	-138	73
5576725	529	167	81
5577365	572	291	95
5578005	537	302	85
5578645	433	319	65
5579285	352	334	24
5579925	226	222	18
5580565	147	195	-23
5581205	91	264	-49
5581845	140	211	-57
5582485	117	178	-33
5583125	7	193	-72
5583765	-60	169	-78
5584405	-53	141	-68
5585045	-6	97	-65
5585685	44	120	-32
5586325	75	106	6
5586965	128	80	12
5587605	67	73	16
5588245	75	75	50
5588885	17	149	76
5589525	66	196	109
5590165	21	289	130
5590805	84	294	161
5591445	101	276	175
5592085	137	357	210
5592725	137	407	271
5593365	17	482	269
5594005	-116	495	299
5594645	-307	683	316
5595285	-262	899	349
5595925	-485	690	342
5596565	-939	703	263
5597205	-1082	224	124
5597845	-1210	875	50
5598485	-1302	1111	54
5599125	-1785	637	32
5599765	-2267	269	11
5600405	-2662	56	-8
5601045	-2791	93	44
5601685	-2907	97	97
5602325	-3117	-89	110
5602965	-3505	-307	42
5603605	-3853	-456	-16
5604245	-4129	-463	27
5604885	-4112	-505	134
5605525	-4283	84	263
5606165	-4443	171	207
5606805	-4994	467	208
5607445	-5308	974	289
5608085	-5558	858	506
5608725	-6105	1534	677
5609365	-6794	1971	771
5610005	-7037	1834	692
5610645	-7384	1644	543
5611285	-8094	1959	342
5611925	-8676	1907	107
5612565	-9013	1492	-107
5613205	-9345	1584	-196
5613845	-9515	1786	-278
5614485	-9724	1915	-350
5615125	-9970	1752	-663
5615765	-10213	1249	-1096
5616405	-10638	773	-1683
5617045	-10674	373	-1879
5617685	-10763	59	-1997
5618325	-10629	-86	-2106
5618965	-10611	-389	-2181
5619605	-10932	-330	-2247
5620245	-11577	-285	-2544
5620885	-11901	-181	-2661
5621525	-11371	-278	-2708
5622165	-10724	-759	-2503
5622805	-10293	-540	-2410
5623445	-9762	-282	-2395
5624085	-9819	-159	-2450
5624725	-9396	-27	-2546
5625365	-8448	-91	-2497
5626005	-7535	-227	-2377
5626645	-6577	-244	-2339
5627285	-6007	-310	-2623
5627925	-4998	-214	-2841
5628565	-4162	-710	-2727
5629205	-3318	-1208	-2725
5629845	-3107	-1721	-2457
5630485	-2298	-2562	-2499
5631125	-1340	-1835	-1969
5631765	-900	247	-1525
5632405	-217	574	-1527
5633045	-553	-1139	-1697
5633685	-1350	-2245	-2053
5634325	-1604	-1988	-2012
5634965	-1764	-49	-1466
5635605	-1573	527	-925
5636245	-1519	21	-562
5636885	-1794	181	-375
5637525	-2657	665	-502
5638165	-3516	1087	-544
5638805	-4137	-1374	-177
5639445	-4459	-2406	254
5640085	-5735	-1220	344
5640725	-6950	554	118
5641365	-7543	1257	-21
5642005	-7644	-170	58
5642645	-7329	-1064	340
5643285	-7409	-300	449
5643925	-7689	507	323
5644565	-8574	-177	-28
5645205	-8463	328	-254
5645845	-7914	568	-117
5646485	-7610	739	174
5647125	-7377	-39	345
5647765	-7337	-112	397
5648405	-7189	-260	373
5649045	-6858	-586	266
5649685	-6535	-979	203
5650325	-6325	-1493	269
5650965	-6316	-1781	345
5651605	-6198	-1617	459
5652245	-6015	-1499	524
5652885	-6027	-2036	313
5653525	-5783	-1102	92
5654165	-5606	-552	-50
5654805	-5243	-727	-139
5655445	-4608	-759	12
5656085	-3763	-634	261
5656725	-2995	-649	434
5657365	-2653	-460	363
5658005	-2589	-150	145
5658645	-2257	56	-64
5659285	-1755	-254	-126
5659925	-1540	-634	-124
5660565	-1153	-537	-89
5661205	-933	-605	-55
5661845	-932	-697	-68
5662485	-1036	-523	-182
5663125	-1060	-351	-241
5663765	-998	-294	-280
5664405	-979	-363	-303
5665045	-998	-598	-274
5665685	-1098	-434	-245
5666325	-905	-655	-302
5666965	-852	-946	-264
5667605	-951	-852	-378
5668245	-721	-861	-559
5668885	-818	-308	-605
5669525	-669	339	-575
5670165	-620	-268	-498
5670805	-528	-829	-433
5671445	-495	-1170	-426
5672085	-528	-773	-439
5672725	-426	-361	-446
5673365	-284	-143	-421
5674005	-185	-80	-402
5674645	-94	-198	-384
5675285	-11	-157	-370
5675925	62	-412	-360
5676565	109	-527	-361
5677205	85	-293	-363
5677845	211	-372	-342
5678485	150	-307	-269
5679125	156	-215	-241
5679765	104	-248	-227
5680405	76	-197	-214
5681045	0	-199	-172
5681685	-32	-218	-137
5682325	-40	-144	-103
5682965	-25	-116	-74
5683605	-39	-72	-23
5684245	-86	-8	-12
5684885	-89	-69	7
5685525	-98	-63	13
5686165	-98	1	30
5686805	-65	-1	35
5687445	-72	30	58
5688085	-101	111	50
5688725	-174	252	34
5689365	-20	392	69
5690005	85	171	74
5690645	-307	275	79
5691285	-187	-250	-10
5691925	-148	499	-3
5692565	15	627	11
5693205	20	245	43
5693845	-56	234	29
5694485	-102	266	-15
5695125	-50	346	-21
5695765	56	319	-23
5696405	88	254	-27
5697045	119	185	-57
5697685	91	191	-79
5698325	105	229	-86
5698965	193	151	-82
5699605	163	132	-83
5700245	246	134	-109
5700885	202	387	-95
5701525	278	276	-94
5702165	239	345	-112
5702805	228	338	-114
5703445	316	301	-96
5704085	355	444	-105
5704725	476	484	-95
5705365	593	488	-82
5706005	734	584	-83
5706645	777	664	-91
5707285	840	697	-98
5707925	960	669	-115
5708565	1076	813	-120
5709205	1130	1036	-99
5709845	1213	916	-145
5710485	1290	911	-204
5711125	1349	1156	-184
5711765	1532	1173	-234
5712405	1612	1397	-255
5713045	1934	1574	-205
5713685	1997	1325	-260
5714325	2100	1510	-312
5714965	2264	1306	-393
5715605	2519	2046	-367
5716245	2777	2087	-330
5716885	2933	1876	-324
5717525	3088	1775	-351
5718165	3228	1908	-383
5718805	3387	1993	-425
5719445	3479	1941	-482
5720085	3503	1893	-517
5720725	3467	1849	-580
5721365	3383	1801	-575
5722005	3496	1713	-421
5722645	3611	1571	-282
5723285	3706	1753	-93
5723925	3621	1689	-8
5724565	3436	1856	93
5725205	3274	1794	148
5725845	2952	1674	122
5726485	2656	1318	118
5727125	2375	789	85
5727765	2353	350	87
5728405	2099	168	154
5729045	2028	208	255
5729685	1795	-123	363
5730325	1664	-176	442
5730965	1571	-83	509
5731605	1558	-259	566
5732245	1662	-437	628
5732885	1746	-388	669
5733525	1992	-530	703
5734165	2273	-751	742
5734805	2528	-768	766
5735445	2772	-848	802
5736085	3127	-825	840
5736725	3586	-553	939
5737365	4052	-324	1062
5738005	4557	290	1330
5738645	4968	-39	1376
5739285	5357	-352	1398
5739925	5505	-939	1311
5740565	5591	-627	1238
5741205	5432	-1329	1205
5741845	4929	-1927	1014
5742485	4544	-1878	775
5743125	3987	-2121	525
5743765	3630	-1965	394
5744405	3152	-1391	426
5745045	2983	-674	494
5745685	2668	-109	506
5746325	3042	-624	463
5746965	3319	-440	673
5747605	3058	502	775
5748245	3613	635	944
5748885	3735	354	1068
5749525	3724	840	1015
5750165	3562	1129	789
5750805	4064	1118	907
5751445	4544	840	1098
5752085	4731	1005	1144
5752725	4391	998	1029
5753365	4143	675	969
5754005	3890	461	896
5754645	3744	493	920
5755285	3783	572	1030
5755925	3958	410	1156
5756565	3967	719	1247
5757205	4008	721	1212
5757845	3946	611	1071
5758485	3881	219	850
5759125	3854	-204	619
5759765	3838	-324	481
5760405	3617	-396	333
5761045	3477	-733	155
5761685	3296	-830	-8
5762325	3149	-1016	-178
5762965	2624	-956	-277
5763605	2458	-1638	-531
5764245	2190	-1456	-722
5764885	1853	-1307	-930
5765525	1770	-1218	-1036
5766165	1470	-972	-1107
5766805	1121	-967	-1210
5767445	993	-1132	-1151
5768085	846	-1033	-951
5768725	770	-907	-797
5769365	777	-728	-682
5770005	725	-357	-609
5770645	754	36	-544
5771285	892	292	-426
5771925	838	327	-378
5772565	891	470	-329
5773205	1031	457	-270
5773845	1020	538	-254
5774485	912	587	-264
5775125	835	411	-248
5775765	844	404	-279
5776405	824	472	-284
5777045	743	59	-347
5777685	599	-167	-411
5778325	404	-317	-482
5778965	180	-389	-532
5779605	-114	-327	-586
5780245	-222	-227	-616
5780885	-313	12	-591
5781525	-398	-4	-564
5782165	-267	34	-524
5782805	-113	163	-467
5783445	12	399	-408
5784085	-338	273	-527
5784725	-751	40	-717
5785365	-1420	323	-823
5786005	-1592	1259	-794
5786645	-1419	1684	-537
5787285	-1020	1201	-383
5787925	-660	963	-347
5788565	-548	685	-367
5789205	-685	1114	-456
5789845	-548	634	-468
5790485	-667	77	-406
5791125	-553	288	-271
5791765	-34	149	-21
5792405	379	-24	170
5793045	297	472	230
5793685	350	419	237
5794325	323	179	193
5794965	435	374	155
5795605	669	330	153
5796245	762	124	69
5796885	765	651	52
5797525	962	614	1
5798165	874	829	-6
5798805	897	895	1
5799445	815	745	-34
5800085	814	531	-70
5800725	940	281	-83
5801365	987	125	-73
5802005	978	64	-78
5802645	1012	-3	-52
5803285	921	-290	-57
5803925	792	-249	-37
5804565	795	-294	-26
5805205	693	-469	-16
5805845	579	-508	9
5806485	421	-592	-3
5807125	340	-657	6
5807765	303	-782	-1
5808405	206	-747	-25
5809045	94	-695	-50
5809685	36	-640	-48
5810325	-113	-603	-74
5810965	9	-438	-8
5811605	-94	-506	-14
5812245	-246	-426	-18
5812885	-199	-547	-61
5813525	-327	11	-6
5814165	-218	-76	58
5814805	-330	74	107
5815445	-382	157	129
5816085	-378	236	134
5816725	-224	417	146
5817365	-173	363	154
5818005	-167	424	101
5818645	-102	463	68
5819285	-93	470	11
5819925	51	581	-7
5820565	176	601	-51
5821205	260	810	-8
5821845	433	931	-51
5822485	394	1332	-35
5823125	580	1306	-46
5823765	631	1636	-63
5824405	857	1865	-63
5825045	1071	2070	-67
5825685	1319	2457	-75
5826325	1529	2772	-112
5826965	1790	3003	-145
5827605	2011	3430	-141
5828245	2304	3954	-113
5828885	2585	4244	-118
5829525	2620	4233	-211
5830165	2698	4084	-365
5830805	2829	3652	-419
5831445	2763	3064	-467
5832085	2754	2773	-405
5832725	2798	2039	-343
5833365	2821	1109	-309
5834005	2890	870	-302
5834645	3180	354	-129
5835285	3621	119	69
5835925	4176	-94	389
5836565	4749	-578	493
5837205	4966	-522	648
5837845	5630	-571	668
5838485	6251	-241	851
5839125	6843	-213	973
5839765	6940	-693	1000
5840405	7044	-849	911
5841045	7246	-1124	988
5841685	7459	-726	1143
5842325	7556	-433	1250
5842965	7387	-509	1364
5843605	6451	-136	1365
5844245	6492	49	1339
5844885	6510	-1270	1467
5845525	5997	259	1910
5846165	6245	402	1858
5846805	6366	494	1512
5847445	5805	1134	1137
5848085	5430	759	770
5848725	4987	827	556
5849365	4752	1366	637
5850005	5017	1137	801
5850645	4727	1154	844
5851285	4271	1178	842
5851925	4105	662	743
5852565	3906	690	715
5853205	3744	766	669
5853845	3682	494	597
5854485	3697	301	535
5855125	3668	-176	418
5855765	3591	-549	275
5856405	3355	-582	76
5857045	3041	-392	-122
5857685	2865	-415	-270
5858325	2622	-435	-383
5858965	2574	-572	-396
5859605	2538	-525	-396
5860245	2666	-308	-285
5860885	2515	-1439	-461
5861525	1930	-1429	-586
5862165	1922	-1644	-673
5862805	2013	-1178	-556
5863445	2089	-917	-453
5864085	1938	-977	-369
5864725	1821	-1061	-328
5865365	1740	-841	-314
5866005	1635	-492	-245
5866645	1631	-392	-192
5867285	1561	-411	-130
5867925	1479	-393	-105
5868565	1330	-355	-100
5869205	1080	-251	-113
5869845	971	-557	-153
5870485	827	-443	-177
5871125	911	-533	-205
5871765	857	-467	-147
5872405	609	-221	-93
5873045	443	-165	-89
5873685	324	-93	-108
5874325	245	-146	-191
5874965	107	-153	-177
5875605	-26	-49	-153
5876245	-161	-13	-130
5876885	-214	-10	-106
5877525	-261	23	-58
5878165	-317	93	13
5878805	-343	135	38
5879445	-403	184	58
5880085	-396	180	53
5880725	-413	108	31
5881365	-381	50	34
5882005	-320	-20	29
5882645	-320	24	32
5883285	-263	97	5
5883925	-163	176	-10
5884565	-49	-15	6
5885205	-253	-52	-55
5885845	-214	-347	-91
5886485	-56	-227	-109
5887125	16	273	-52
5887765	125	20	-25
5888405	86	43	-20
5889045	9	-25	-45
5889685	32	71	-53
5890325	162	179	-23
5890965	226	190	-10
5891605	222	175	-10
5892245	206	119	-20
5892885	211	131	-21
5893525	271	154	27
5894165	274	-76	-14
5894805	308	80	2
5895445	369	131	-27
5896085	291	167	-34
5896725	270	119	-59
5897365	216	153	-68
5898005	198	116	-89
5898645	223	138	-95
5899285	207	175	-102
5899925	154	140	-111
5900565	133	106	-119
5901205	136	107	-110
5901845	120	101	-105
5902485	84	124	-97
5903125	53	181	-102
5903765	24	113	-95
5904405	-35	210	-111
5905045	-48	170	-106
5905685	-43	189	-98
5906325	-57	206	-98
5906965	-48	266	-90
5907605	-80	334	-91
5908245	-38	356	-128
5908885	61	228	-123
5909525	-152	268	-150
5910165	-67	115	-234
5910805	110	373	-245
5911445	303	723	-268
5912085	532	718	-297
5912725	540	813	-398
5913365	485	982	-541
5914005	615	1445	-632
5914645	805	1869	-634
5915285	931	2110	-673
5915925	940	2376	-669
5916565	1017	2562	-702
5917205	1137	2841	-723
5917845	1286	3275	-673
5918485	1526	3245	-625
5919125	1751	3473	-623
5919765	2003	3540	-609
5920405	2044	3827	-588
5921045	2220	3586	-574
5921685	2440	3211	-531
5922325	2610	3011	-484
5922965	2869	2954	-454
5923605	3145	2669	-384
5924245	3461	2280	-318
5924885	3690	1854	-265
5925525	3810	1274	-233
5926165	4045	632	-215
5926805	4185	474	-157
5927445	4415	348	6
5928085	4835	156	275
5928725	5175	210	580
5929365	5351	220	698
5930005	5356	121	981
5930645	5627	16	1105
5931285	5953	129	1155
5931925	6302	469	1269
5932565	6214	499	1320
5933205	6190	238	1407
5933845	5889	-519	1353
5934485	5353	-1715	1326
5935125	4880	-615	1421
5935765	4674	-454	1502
5936405	4268	-926	1375
5937045	3782	-950	1251
5937685	3086	-255	1045
5938325	2941	199	775
5938965	3468	57	669
5939605	3613	852	847
5940245	3670	1451	912
5940885	3478	1615	890
5941525	3235	1733	797
5942165	3109	1245	615
5942805	2993	1554	550
5943445	3017	1555	635
5944085	3010	1405	704
5944725	2907	1431	725
5945365	2954	1153	701
5946005	2961	1276	716
5946645	2988	1060	710
5947285	2946	1044	628
5947925	3104	1120	589
5948565	3447	1035	619
5949205	3776	922	645
5949845	3963	773	588
5950485	4006	601	474
5951125	4157	458	405
5951765	4246	229	274
5952405	4095	287	88
5953045	3997	257	-105
5953685	4033	184	-239
5954325	3742	300	-335
5954965	3679	308	-355
5955605	3679	394	-288
5956245	3841	488	-188
5956885	3950	94	-87
5957525	3795	-21	-97
5958165	3627	-317	-129
5958805	3373	-39	-267
5959445	3256	550	-280
5960085	3026	376	-286
5960725	2721	498	-249
5961365	2630	354	-210
5962005	2471	434	-176
5962645	2227	508	-86
5963285	2174	397	-39
5963925	2048	261	62
5964565	1806	218	100
5965205	1492	233	70
5965845	1034	-176	65
5966485	703	-652	-11
5967125	292	-596	-70
5967765	204	-763	-92
5968405	220	-931	-44
5969045	269	-693	-17
5969685	605	-705	-57
5970325	988	-812	-92
5970965	1098	-668	-78
5971605	1204	-888	59
5972245	1040	-943	156
5972885	1080	-861	270
5973525	962	-886	400
5974165	890	-854	432
5974805	617	-749	463
5975445	368	-898	404
5976085	232	-1150	353
5976725	256	-1204	344
5977365	314	-1133	358
5978005	344	-974	347
5978645	273	-838	347
5979285	126	-685	286
5979925	-51	-533	205
5980565	-62	-602	218
5981205	-346	-694	141
5981845	-490	-617	99
5982485	-365	-610	60
5983125	-433	214	50
5983765	-368	-41	86
5984405	-500	-93	75
5985045	-612	-54	30
5985685	-612	20	-16
5986325	-545	129	-2
5986965	-502	66	6
5987605	-464	61	-6
5988245	-453	50	-24
5988885	-428	60	-29
5989525	-364	51	-51
5990165	-356	32	-59
5990805	-329	83	-103
5991445	-280	113	-116
5992085	-266	227	-113
5992725	-253	127	-118
5993365	-260	247	-113
5994005	-180	139	-105
5994645	-155	264	-90
5995285	-148	323	-101
5995925	-139	212	-99
5996565	-139	255	-111
5997205	-113	197	-105
5997845	-111	199	-114
5998485	-102	291	-100
5999125	-107	224	-100
5999765	-125	207	-95
6000405	-116	192	-93
6001045	-110	201	-83
6001685	-98	174	-63
6002325	-102	198	-46
6002965	-135	347	-47
6003605	-79	401	-25
6004245	-19	287	-11
6004885	-291	357	-8
6005525	-238	35	-71
6006165	-209	435	-43
6006805	-97	625	8
6007445	-102	463	24
6008085	-148	476	12
6008725	-181	484	-29
6009365	-166	515	-22
6010005	-124	592	-23
6010645	-91	547	-14
6011285	-90	573	-20
6011925	-111	519	-33
6012565	-140	540	-15
6013205	-100	503	-38
6013845	-59	553	-15
6014485	-27	497	-33
6015125	-49	551	-46
6015765	-13	506	-65
6016405	-35	464	-85
6017045	-16	446	-88
6017685	37	369	-108
6018325	83	377	-99
6018965	105	303	-104
6019605	97	275	-130
6020245	98	230	-118
6020885	127	224	-101
6021525	98	260	-93
6022165	113	285	-90
6022805	80	284	-95
6023445	48	283	-91
6024085	54	259	-66
6024725	45	223	-51
6025365	6	222	-36
6026005	0	207	-6
6026645	-62	162	-26
6027285	22	291	36
6027925	58	65	34
6028565	-222	123	22
6029205	-352	-342	-45
6029845	-326	65	-9
6030485	-273	271	33
6031125	-439	172	54
6031765	-715	241	28
6032405	-886	182	-4
6033045	-1004	334	18
6033685	-1042	518	64
6034325	-1092	697	84
6034965	-1198	801	60
6035605	-1431	877	19
6036245	-1698	825	5
6036885	-2051	428	-53
6037525	-2318	266	-67
6038165	-2385	-80	-47
6038805	-2561	-179	33
6039445	-2870	-251	57
6040085	-3327	-370	0
6040725	-3732	-249	-66
6041365	-4097	-192	-76
6042005	-4222	-123	6
6042645	-4365	98	143
6043285	-4525	490	207
6043925	-4350	810	301
6044565	-4506	1151	454
6045205	-4578	1666	629
6045845	-4495	1529	775
6046485	-4699	1372	905
6047125	-4934	1559	900
6047765	-5239	1543	771
6048405	-5409	1390	643
6049045	-5434	1203	586
6049685	-5272	931	548
6050325	-4889	588	594
6050965	-4698	509	539
6051605	-4566	43	509
6052245	-5055	-452	112
6052885	-5822	-401	-259
6053525	-6094	-710	-525
6054165	-6269	-245	-592
6054805	-6368	-536	-468
6055445	-6186	-1301	-356
6056085	-6240	-1731	-256
6056725	-6376	-1493	-211
6057365	-6559	-1416	-177
6058005	-6759	-1344	-212
6058645	-6885	-1526	-219
6059285	-6988	-1721	-212
6059925	-7075	-1369	-61
6060565	-6815	-1552	13
6061205	-6525	-1603	88
6061845	-6148	-1426	116
6062485	-6080	-1127	100
6063125	-5902	-1222	106
6063765	-5705	-876	135
6064405	-5302	-752	190
6065045	-4877	-792	218
6065685	-4357	-515	254
6066325	-3850	-360	254
6066965	-3406	-388	174
6067605	-2920	-254	89
6068245	-2505	-242	-10
6068885	-1977	-237	-108
6069525	-1441	-140	-153
6070165	-1014	-110	-220
6070805	-699	15	-365
6071445	-525	88	-586
6072085	-669	412	-672
6072725	-671	555	-758
6073365	-573	681	-784
6074005	-416	722	-815
6074645	-352	550	-849
6075285	-649	612	-941
6075925	-777	736	-1067
6076565	-861	956	-1182
6077205	-1125	1579	-1182
6077845	-1314	1362	-1200
6078485	-1398	1502	-1131
6079125	-1192	1616	-1027
6079765	-1212	1676	-1013
6080405	-1380	1740	-1038
6081045	-1640	1374	-1085
6081685	-1612	1022	-1049
6082325	-1358	1142	-930
6082965	-1035	1443	-743
6083605	-997	1107	-671
6084245	-1305	921	-697
6084885	-1662	856	-772
6085525	-1890	334	-811
6086165	-2010	149	-725
6086805	-2123	-168	-627
6087445	-2211	-456	-450
6088085	-2066	-555	-227
6088725	-1806	-714	-23
6089365	-1700	-592	157
6090005	-1569	-896	256
6090645	-1705	-1050	308
6091285	-1488	-1407	398
6091925	-1363	-1425	486
6092565	-833	-1366	670
6093205	-724	-1212	680
6093845	-688	-1192	611
6094485	-772	-969	511
6095125	-705	-1035	422
6095765	-643	-797	390
6096405	-440	-492	365
6097045	-374	-682	358
6097685	-838	-555	263
6098325	-1068	-728	161
6098965	-1140	-524	101
6099605	-1069	102	143
6100245	-972	-104	167
6100885	-1141	4	170
6101525	-1316	-54	125
6102165	-1338	70	92
6102805	-1195	222	99
6103445	-1126	94	73
6104085	-1053	20	50
6104725	-997	-122	7
6105365	-946	-74	3
6106005	-882	-327	-49
6106645	-771	-204	-26
6107285	-523	-243	-38
6107925	-524	12	-51
6108565	-354	-125	-85
6109205	-288	28	-91
6109845	-183	1	-108
6110485	-63	14	-97
6111125	-11	108	-86
6111765	21	105	-108
6112405	72	132	-132
6113045	125	73	-137
6113685	136	71	-147
6114325	146	71	-140
6114965	188	52	-107
6115605	181	45	-110
6116245	170	20	-109
6116885	188	-13	-108
6117525	103	-34	-110
6118165	92	1	-102
6118805	60	158	-96
6119445	87	121	-134
6120085	204	63	-68
6120725	37	9	-154
6121365	6	-18	-152
6122005	-2	-108	-195
6122645	20	276	-168
6123285	110	122	-126
6123925	100	57	-109
6124565	36	-40	-115
6125205	-60	-21	-147
6125845	-42	-66	-142
6126485	3	-126	-160
6127125	27	-184	-163
6127765	89	-267	-177
6128405	53	-249	-216
6129045	23	-269	-233
6129685	91	-288	-203
6130325	177	-272	-201
6130965	123	-167	-207
6131605	31	-103	-216
6132245	-11	-130	-241
6132885	-19	12	-254
6133525	65	5	-226
6134165	33	-9	-213
6134805	45	83	-212
6135445	127	123	-203
6136085	140	65	-186
6136725	139	33	-182
6137365	149	73	-178
6138005	119	75	-163
6138645	85	-4	-150
6139285	103	-64	-146
6139925	104	-48	-128
6140565	97	-11	-123
6141205	131	-12	-120
6141845	131	29	-108
6142485	110	62	-95
6143125	61	122	-132
6143765	153	66	-85
6144405	222	-119	-112
6145045	-15	-106	-138
6145685	44	-316	-213
6146325	82	159	-171
6146965	227	94	-142
6147605	162	-56	-119
6148245	115	-48	-138
6148885	102	101	-149
6149525	127	116	-149
6150165	154	46	-150
6150805	171	-102	-132
6151445	113	-119	-151
6152085	60	-10	-176
6152725	96	34	-139
6153365	45	-73	-178
6154005	122	-8	-197
6154645	145	276	-187
6155285	34	309	-182
6155925	-7	364	-196
6156565	66	243	-163
6157205	91	-60	-156
6157845	53	-137	-178
6158485	-18	-19	-171
6159125	-78	81	-141
6159765	-87	268	-104
6160405	-126	358	-58
6161045	-114	278	-38
6161685	-152	227	-35
6162325	-112	170	-46
6162965	-93	224	-4
6163605	-119	274	-5
6164245	-118	154	-20
6164885	-133	80	-33
6165525	-181	-2	-43
6166165	-208	-42	-38
6166805	-228	21	-23
6167445	-240	203	-34
6168085	-189	133	62
6168725	-331	207	30
6169365	-420	-22	-37
6170005	-476	199	-25
6170645	-366	596	10
6171285	-241	623	84
6171925	-327	447	132
6172565	-442	317	125
6173205	-512	469	152
6173845	-520	454	193
6174485	-501	384	216
6175125	-497	313	238
6175765	-554	297	273
6176405	-732	492	268
6177045	-800	524	324
6177685	-859	178	334
6178325	-904	132	359
6178965	-876	193	387
6179605	-926	310	445
6180245	-956	191	478
6180885	-1077	239	512
6181525	-1102	193	543
6182165	-1095	76	542
6182805	-1245	77	599
6183445	-1428	142	598
6184085	-1576	215	591
6184725	-1756	264	603
6185365	-1916	167	628
6186005	-2143	150	695
6186645	-2515	271	797
6187285	-2914	491	843
6187925	-3222	816	951
6188565	-3503	1161	1061
6189205	-3807	1268	1163
6189845	-4247	1703	1148
6190485	-4808	2330	1227
6191125	-5286	2880	1338
6191765	-5681	2829	1342
6192405	-6063	2695	1353
6193045	-5934	2948	1289
6193685	-6156	2800	1061
6194325	-6132	2122	894
6194965	-6108	1366	580
6195605	-5971	516	391
6196245	-6033	551	203
6196885	-6195	428	-169
6197525	-6419	-455	-585
6198165	-6557	-1058	-855
6198805	-6563	-1017	-954
6199445	-6772	-881	-1020
6200085	-6768	-873	-1102
6200725	-6537	-1052	-1116
6201365	-6162	-1196	-1081
6202005	-5855	-1017	-1045
6202645	-5775	-642	-1088
6203285	-5620	-755	-1139
6203925	-5339	-748	-1214
6204565	-4894	-619	-1192
6205205	-4526	-353	-1183
6205845	-4194	-367	-1244
6206485	-3824	-311	-1346
6207125	-3094	-183	-1344
6207765	-2585	97	-1436
6208405	-2353	389	-1608
6209045	-2560	910	-1642
6209685	-2442	1157	-1535
6210325	-2040	736	-1373
6210965	-1796	445	-1125
6211605	-1952	481	-965
6212245	-2031	580	-890
6212885	-1971	567	-879
6213525	-1672	555	-851
6214165	-1449	1079	-717
6214805	-1162	1041	-632
6215445	-1302	825	-555
6216085	-1533	504	-575
6216725	-1796	139	-635
6217365	-1789	277	-648
6218005	-1535	748	-614
6218645	-1474	1443	-537
6219285	-1329	1981	-479
6219925	-1716	1355	-622
6220565	-2383	1196	-698
6221205	-2914	512	-856
6221845	-3223	459	-841
6222485	-3528	-19	-719
6223125	-3923	-640	-588
6223765	-4213	-1228	-425
6224405	-3707	-1401	-148
6225045	-3156	-1300	194
6225685	-2867	-1250	364
6226325	-2819	-1117	336
6226965	-3036	-1449	202
6227605	-2862	-1687	149
6228245	-2181	-2107	290
6228885	-1814	-2314	579
6229525	-1606	-2146	776
6230165	-1507	-2152	751
6230805	-1758	-1657	658
6231445	-1963	-1487	520
6232085	-1932	-1497	438
6232725	-1758	-1317	457
6233365	-1538	-1281	470
6234005	-1471	-1011	424
6234645	-1459	-842	329
6235285	-1417	-750	243
6235925	-1287	-602	229
6236565	-1180	-576	233
6237205	-1145	-455	184
6237845	-1041	-302	148
6238485	-915	-207	122
6239125	-756	-221	102
6239765	-696	-136	72
6240405	-615	-91	44
6241045	-530	-73	-7
6241685	-466	-49	-17
6242325	-299	-60	-39
6242965	-217	-21	-53
6243605	-155	37	-73
6244245	-12	37	-66
6244885	95	140	-57
6245525	147	290	-32
6246165	399	294	-20
6246805	54	317	-39
6247445	219	-57	-108
6248085	197	504	-86
6248725	403	480	-72
6249365	254	464	-72
6250005	235	204	-91
6250645	154	359	-112
6251285	173	341	-116
6251925	174	377	-108
6252565	140	329	-115
6253205	80	184	-136
6253845	15	162	-126
6254485	6	214	-131
6255125	-89	191	-93
6255765	-157	-92	-129
6256405	-142	31	-113
6257045	-89	88	-113
6257685	-134	105	-111
6258325	-172	59	-113
6258965	-247	62	-139
6259605	-231	55	-146
6260245	-189	48	-134
6260885	-166	87	-148
6261525	-120	65	-164
6262165	-81	127	-171
6262805	-21	119	-195
6263445	34	142	-210
6264085	117	209	-200
6264725	126	125	-218
6265365	148	106	-222
6266005	179	118	-257
6266645	213	269	-258
6267285	254	388	-289
6267925	354	468	-307
6268565	504	541	-323
6269205	584	647	-334
6269845	713	682	-343
6270485	854	775	-379
6271125	999	1012	-392
6271765	1182	1252	-404
6272405	1654	1509	-322
6273045	1915	1334	-362
6273685	2011	1650	-459
6274325	2412	1426	-483
6274965	2855	2224	-514
6275605	3398	2776	-473
6276245	3744	2883	-418
6276885	4161	3198	-398
6277525	4570	3750	-506
6278165	4707	3808	-517
6278805	4903	3472	-572
6279445	5249	3426	-549
6280085	5659	3386	-457
6280725	5983	3253	-380
6281365	5834	2754	-410
6282005	5578	2142	-539
6282645	5233	1507	-665
6283285	4972	1309	-641
6283925	5134	692	-448
6284565	4836	1085	-179
6285205	4617	1123	41
6285845	4403	751	206
6286485	4296	604	355
6287125	4068	646	485
6287765	3814	622	564
6288405	3779	705	679
6289045	3890	633	823
6289685	3885	582	949
6290325	3928	619	998
6290965	4060	509	1067
6291605	4009	500	1125
6292245	4226	488	1161
6292885	4418	419	1253
6293525	4602	394	1300
6294165	4625	224	1328
6294805	4570	56	1347
6295445	4390	-195	1299
6296085	4364	-248	1306
6296725	4210	-157	1278
6297365	3973	-187	1254
6298005	3717	-49	1174
6298645	3636	156	1127
6299285	3508	401	1109
6299925	3205	559	1031
6300565	3121	495	983
6301205	2874	347	873
6301845	2393	191	773
6302485	2227	123	671
6303125	2200	256	643
6303765	2316	571	675
6304405	2328	306	736
6305045	2181	270	787
6305685	2260	385	882
6306325	2745	811	1087
6306965	3788	-349	1520
6307605	4319	1036	1918
6308245	3368	2842	1965
6308885	3038	1279	1778
6309525	3517	-389	1575
6310165	3843	-211	1464
6310805	3510	381	1226
6311445	3429	702	1085
6312085	3768	323	1085
6312725	3702	492	1171
6313365	3718	697	1244
6314005	3609	241	1214
6314645	3454	193	1090
6315285	3140	105	873
6315925	3063	-322	625
6316565	3018	-767	397
6317205	2982	-990	212
6317845	2902	-1040	22
6318485	2776	-1306	-148
6319125	2607	-1569	-329
6319765	2418	-1836	-492
6320405	2063	-1690	-642
6321045	1956	-1646	-808
6321685	1468	-1569	-1030
6322325	1106	-1361	-1222
6322965	462	-1139	-1394
6323605	121	-796	-1524
6324245	-387	-887	-1334
6324885	-370	-1263	-1120
6325525	87	-1465	-749
6326165	793	-1331	-444
6326805	1393	-934	-114
6327445	1521	-823	16
6328085	1360	-1088	-147
6328725	1159	-1342	-404
6329365	1283	-1287	-388
6330005	1527	-1518	-427
6330645	1398	-1460	-422
6331285	1394	-1622	-514
6331925	1339	-1194	-493
6332565	1363	-1065	-434
6333205	1210	-842	-347
6333845	1049	-867	-380
6334485	824	-629	-421
6335125	699	-589	-443
6335765	580	-452	-438
6336405	457	-508	-414
6337045	339	-522	-395
6337685	276	-495	-349
6338325	140	-162	-301
6338965	67	-199	-278
6339605	-78	143	-227
6340245	-12	304	-177
6340885	-12	491	-111
6341525	-70	584	-72
6342165	-141	673	-44
6342805	-127	609	-5
6343445	-142	509	-3
6344085	-135	412	19
6344725	-168	465	33
6345365	-199	474	19
6346005	-133	479	9
6346645	-128	395	-8
6347285	-174	218	-30
6347925	-161	210	-40
6348565	-166	291	-56
6349205	-65	287	-63
6349845	-79	318	-71
6350485	-81	409	-103
6351125	-57	324	-153
6351765	-41	352	-174
6352405	35	516	-189
6353045	18	530	-242
6353685	18	467	-280
6354325	7	580	-320
6354965	181	949	-307
6355605	293	809	-305
6356245	131	858	-363
6356885	191	500	-492
6357525	92	918	-494
6358165	249	1220	-533
6358805	213	1385	-447
6359445	304	1262	-389
6360085	374	1165	-361
6360725	424	1197	-306
6361365	424	1189	-228
6362005	519	1267	-217
6362645	470	1233	-162
6363285	292	1015	-124
6363925	46	693	-153
6364565	-84	414	-95
6365205	-109	-89	-94
6365845	-54	-50	-39
6366485	51	-50	-63
6367125	13	-8	-75
6367765	-58	187	-97
6368405	-86	336	-102
6369045	202	286	-55
6369685	240	567	22
6370325	299	598	32
6370965	193	477	28
6371605	120	411	-28
6372245	84	291	-34
6372885	102	214	-38
6373525	77	235	-65
6374165	-16	317	-98
6374805	-78	265	-108
6375445	-260	191	-96
6376085	-379	130	-74
6376725	-441	77	-48
6377365	-492	-48	-22
6378005	-467	32	-7
6378645	-444	175	31
6379285	-398	151	44
6379925	-305	201	62
6380565	-192	-101	-8
6381205	-475	13	-32
6381845	-421	-504	-68
6382485	-457	-96	-9
6383125	-274	-53	69
6383765	-291	1	136
6384405	-259	-106	171
6385045	-301	-77	160
6385685	-249	72	163
6386325	-97	187	196
6386965	-19	214	235
6387605	-35	212	277
6388245	-100	84	289
6388885	-247	0	305
6389525	-237	-46	330
6390165	-353	-143	332
6390805	-265	-170	346
6391445	-276	-42	327
6392085	-294	-77	338
6392725	-333	-8	323
6393365	-388	-24	297
6394005	-402	-113	282
6394645	-335	-123	262
6395285	-316	-137	246
6395925	-276	-102	220
6396565	-218	-110	195
6397205	-150	-105	122
6397845	-96	-131	84
6398485	-82	-123	54
6399125	-50	-117	42
6399765	-47	-106	15
6400405	-3	-178	-2
6401045	44	-171	-10
6401685	102	-132	-2
6402325	138	-99	10
6402965	79	-96	-12
6403605	158	-128	15
6404245	243	-256	-33
6404885	-45	-185	-6
6405525	34	-689	-116
6406165	5	-122	-92
6406805	137	61	-44
6407445	22	93	-9
6408085	-43	-109	-31
6408725	-75	-52	-8
6409365	-57	85	18
6410005	15	166	12
6410645	-3	150	10
6411285	-63	71	-6
6411925	-141	-13	-46
6412565	-229	24	-60
6413205	-143	9	-46
6413845	-137	17	31
6414485	-68	-67	17
6415125	-76	99	1
6415765	-10	63	28
6416405	-48	5	22
6417045	-92	50	12
6417685	-102	-55	9
6418325	-90	-59	12
6418965	-46	-56	41
6419605	-55	-119	45
6420245	-118	-80	46
6420885	-174	-64	39
6421525	-157	-112	43
6422165	-139	-153	60
6422805	-182	-169	74
6423445	-187	-197	68
6424085	-191	-207	47
6424725	-131	-228	53
6425365	-97	-216	56
6426005	-130	-119	33
6426645	-131	38	7
6427285	10	129	-2
6427925	57	-52	-1
6428565	-125	2	-19
6429205	-85	-274	-79
6429845	-10	262	-102
6430485	205	292	-93
6431125	193	211	-101
6431765	173	-26	-160
6432405	89	35	-222
6433045	107	41	-260
6433685	125	191	-320
6434325	83	261	-364
6434965	106	284	-390
6435605	131	266	-386
6436245	118	374	-416
6436885	105	303	-437
6437525	53	331	-472
6438165	97	274	-497
6438805	87	513	-540
6439445	23	467	-581
6440085	-86	493	-641
6440725	-130	440	-673
6441365	-123	254	-681
6442005	-158	192	-688
6442645	-95	282	-652
6443285	-67	393	-618
6443925	5	476	-596
6444565	10	434	-569
6445205	-14	478	-553
6445845	31	471	-531
6446485	95	382	-479
6447125	158	347	-455
6447765	165	333	-420
6448405	198	297	-397
6449045	237	288	-373
6449685	262	425	-301
6450325	269	511	-293
6450965	322	512	-209
6451605	249	349	-240
6452245	185	325	-223
6452885	232	79	-222
6453525	259	517	-191
6454165	290	376	-138
6454805	172	253	-122
6455445	38	184	-124
6456085	-53	261	-130
6456725	-4	253	-100
6457365	36	225	-77
6458005	12	268	-48
6458645	-57	245	-59
6459285	-137	269	-46
6459925	-173	374	-20
6460565	-180	178	-14
6461205	-166	284	-2
6461845	-118	311	-27
6462485	-141	456	-16
6463125	-114	345	-26
6463765	-230	469	-38
6464405	-232	428	-39
6465045	-237	339	-48
6465685	-220	389	-50
6466325	-190	340	-57
6466965	-204	251	-69
6467605	-144	138	-76
6468245	-105	-9	-61
6468885	-78	-33	-77
6469525	-61	-124	-86
6470165	-67	-268	-100
6470805	-32	-317	-92
6471445	-61	-283	-103
6472085	-83	-322	-97
6472725	-70	-316	-119
6473365	-166	-215	-106
6474005	-138	-281	-125
6474645	-109	-450	-94
6475285	-290	-284	-135
6475925	-346	-607	-167
6476565	-238	-694	-191
6477205	-208	-309	-162
6477845	-105	-339	-143
6478485	-200	-253	-138
6479125	-264	-223	-142
6479765	-297	-28	-153
6480405	-304	51	-120
6481045	-305	118	-120
6481685	-328	239	-72
6482325	-335	190	-64
6482965	-367	333	-34
6483605	-427	366	-3
6484245	-481	255	9
6484885	-452	320	18
6485525	-439	402	72
6486165	-487	503	88
6486805	-536	360	90
6487445	-611	315	97
6488085	-642	86	69
6488725	-558	-51	108
6489365	-515	-15	139
6490005	-480	-109	138
6490645	-415	-172	147
6491285	-443	-74	140
6491925	-444	-144	115
6492565	-452	-139	147
6493205	-454	-42	172
6493845	-418	81	222
6494485	-505	143	257
6495125	-577	240	299
6495765	-567	228	352
6496405	-592	255	404
