Time Stamp	Gyroscope X	Gyroscope Y	Gyroscope Z
RAW	RAW	RAW	RAW
no units	no units	no units	no units
2409664	17152	0	0
2410320	17152	0	0
2410976	17152	0	0
2411632	17152	0	0
2412288	17152	0	0
2412944	17152	0	0
2413600	17152	0	0
2414256	17152	0	0
2414912	17152	0	0
2415568	17152	0	0
2416224	17152	0	0
2416880	17152	0	0
2417536	17152	0	0
2418192	17152	0	0
2418848	17152	0	0
2419504	17152	0	0
2420160	17152	0	0
2420816	17152	0	0
2421472	17152	0	0
2422128	17152	0	0
2422784	17152	0	0
2423440	17152	0	0
2424096	17152	0	0
2424752	17152	0	0
2425408	17152	0	0
2426064	17152	0	0
2426720	17152	0	0
2427376	17152	0	0
2428032	17152	0	0
2428688	17152	0	0
2429344	17152	0	0
2430000	17152	0	0
2430656	17152	0	0
2431312	17152	0	0
2431968	17152	0	0
2432624	17152	0	0
2433280	17152	0	0
2433936	17152	0	0
2434592	17152	0	0
2435248	17152	0	0
2435904	17152	0	0
2436560	17152	0	0
2437216	17152	0	0
2437872	17152	0	0
2438528	17152	0	0
2439184	17152	0	0
2439840	17152	0	0
2440496	17152	0	0
2441152	17152	0	0
2441808	17152	0	0
2442464	17152	0	0
2443120	17152	0	0
2443776	17152	0	0
2444432	17152	0	0
2445088	17152	0	0
2445744	17152	0	0
2446400	17152	0	0
2447056	17152	0	0
2447712	17152	0	0
2448368	17152	0	0
2449024	17152	0	0
2449680	17152	0	0
2450336	17152	0	0
2450992	17152	0	0
2451648	17152	0	0
2452304	17152	0	0
2452960	17152	0	0
2453616	17152	0	0
2454272	17152	0	0
2454928	17152	0	0
2455584	17152	0	0
2456240	17152	0	0
2456896	17152	0	0
2457552	17152	0	0
2458208	17152	0	0
2458864	17152	0	0
2459520	17152	0	0
2460176	17152	0	0
2460832	17152	0	0
2461488	17152	0	0
2462144	17152	0	0
2462800	17152	0	0
2463456	17152	0	0
2464112	17152	0	0
2464768	17152	0	0
2465424	17152	0	0
2466080	17152	0	0
2466736	17152	0	0
2467392	17152	0	0
2468048	17152	0	0
2468704	17152	0	0
2469360	17152	0	0
2470016	17152	0	0
2470672	17152	0	0
2471328	17152	0	0
2471984	17152	0	0
2472640	17152	0	0
2473296	17152	0	0
2473952	17152	0	0
2474608	17152	0	0
2475264	17152	0	0
2475920	17152	0	0
2476576	17152	0	0
2477232	17152	0	0
2477888	17152	0	0
2478544	17152	0	0
2479200	17152	0	0
2479856	17152	0	0
2480512	17152	0	0
2481168	17152	0	0
2481824	17152	0	0
2482480	17152	0	0
2483136	17152	0	0
2483792	17152	0	0
2484448	17152	0	0
2485104	17152	0	0
2485760	17152	0	0
2486416	17152	0	0
2487072	17152	0	0
2487728	17152	0	0
2488384	17152	0	0
2489040	17152	0	0
2489696	17152	0	0
2490352	17152	0	0
2491008	17152	0	0
2491664	17152	0	0
2492320	17152	0	0
2492976	17152	0	0
2493632	17152	0	0
2494288	17152	0	0
2494944	17152	0	0
2495600	17152	0	0
2496256	17152	0	0
2496912	17152	0	0
2497568	17152	0	0
2498224	17152	0	0
2498880	17152	0	0
2499536	17152	0	0
2500192	17152	0	0
2500848	17152	0	0
2501504	17152	0	0
2502160	17152	0	0
2502816	17152	0	0
2503472	17152	0	0
2504128	17152	0	0
2504784	17152	0	0
2505440	17152	0	0
2506096	17152	0	0
2506752	17152	0	0
2507408	17152	0	0
2508064	17152	0	0
2508720	17152	0	0
2509376	17152	0	0
2510032	17152	0	0
2510688	17152	0	0
2511344	17152	0	0
2512000	17152	0	0
2512656	17152	0	0
2513312	17152	0	0
2513968	17152	0	0
2514624	17152	0	0
2515280	17152	0	0
2515936	17152	0	0
2516592	17152	0	0
2517248	17152	0	0
2517904	17152	0	0
2518560	17152	0	0
2519216	17152	0	0
2519872	17152	0	0
2520528	17152	0	0
2521184	17152	0	0
2521840	17152	0	0
2522496	17152	0	0
2523152	17152	0	0
2523808	17152	0	0
2524464	17152	0	0
2525120	17152	0	0
2525776	17152	0	0
2526432	17152	0	0
2527088	17152	0	0
2527744	17152	0	0
2528400	17152	0	0
2529056	17152	0	0
2529712	17152	0	0
2530368	17152	0	0
2531024	17152	0	0
2531680	17152	0	0
2532336	17152	0	0
2532992	17152	0	0
2533648	17152	0	0
2534304	17152	0	0
2534960	17152	0	0
2535616	17152	0	0
2536272	17152	0	0
2536928	17152	0	0
2537584	17152	0	0
2538240	17152	0	0
2538896	17152	0	0
2539552	17152	0	0
2540208	17152	0	0
2540864	17152	0	0
2541520	17152	0	0
2542176	17152	0	0
2542832	17152	0	0
2543488	17152	0	0
2544144	17152	0	0
2544800	17152	0	0
2545456	17152	0	0
2546112	17152	0	0
2546768	17152	0	0
2547424	17152	0	0
2548080	17152	0	0
2548736	17152	0	0
2549392	17152	0	0
2550048	17152	0	0
2550704	17152	0	0
2551360	17152	0	0
2552016	17152	0	0
2552672	17152	0	0
2553328	17152	0	0
2553984	17152	0	0
2554640	17152	0	0
2555296	17152	0	0
2555952	17152	0	0
2556608	17152	0	0
2557264	17152	0	0
2557920	17152	0	0
2558576	17152	0	0
2559232	17152	0	0
2559888	17152	0	0
2560544	17152	0	0
2561200	17152	0	0
2561856	17152	0	0
2562512	17152	0	0
2563168	17152	0	0
2563824	17152	0	0
2564480	17152	0	0
2565136	17152	0	0
2565792	17152	0	0
2566448	17152	0	0
2567104	17152	0	0
2567760	17152	0	0
2568416	17152	0	0
2569072	17152	0	0
2569728	17152	0	0
2570384	17152	0	0
2571040	17152	0	0
2571696	17152	0	0
2572352	17152	0	0
2573008	17152	0	0
2573664	17152	0	0
2574320	17152	0	0
2574976	17152	0	0
2575632	17152	0	0
2576288	17152	0	0
2576944	17152	0	0
2577600	17152	0	0
2578256	17152	0	0
2578912	17152	0	0
2579568	17152	0	0
2580224	17152	0	0
2580880	17152	0	0
2581536	17152	0	0
2582192	17152	0	0
2582848	17152	0	0
2583504	17152	0	0
2584160	17152	0	0
2584816	17152	0	0
2585472	17152	0	0
2586128	17152	0	0
2586784	17152	0	0
2587440	17152	0	0
2588096	17152	0	0
2588752	17152	0	0
2589408	17152	0	0
2590064	17152	0	0
2590720	17152	0	0
2591376	17152	0	0
2592032	17152	0	0
2592688	17152	0	0
2593344	17152	0	0
2594000	17152	0	0
2594656	17152	0	0
2595312	17152	0	0
2595968	17152	0	0
2596624	17152	0	0
2597280	17152	0	0
2597936	17152	0	0
2598592	17152	0	0
2599248	17152	0	0
2599904	17152	0	0
2600560	17152	0	0
2601216	17152	0	0
2601872	17152	0	0
2602528	17152	0	0
2603184	17152	0	0
2603840	17152	0	0
2604496	17152	0	0
2605152	17152	0	0
2605808	17152	0	0
2606464	17152	0	0
2607120	17152	0	0
2607776	17152	0	0
2608432	17152	0	0
2609088	17152	0	0
2609744	17152	0	0
2610400	17152	0	0
2611056	17152	0	0
2611712	17152	0	0
2612368	17152	0	0
2613024	17152	0	0
2613680	17152	0	0
2614336	17152	0	0
2614992	17152	0	0
2615648	17152	0	0
2616304	17152	0	0
2616960	17152	0	0
2617616	17152	0	0
2618272	17152	0	0
2618928	17152	0	0
2619584	17152	0	0
2620240	17152	0	0
2620896	17152	0	0
2621552	17152	0	0
2622208	17152	0	0
2622864	17152	0	0
2623520	17152	0	0
2624176	17152	0	0
2624832	17152	0	0
2625488	17152	0	0
2626144	17152	0	0
2626800	17152	0	0
2627456	17152	0	0
2628112	17152	0	0
2628768	17152	0	0
2629424	17152	0	0
2630080	17152	0	0
2630736	17152	0	0
2631392	17152	0	0
2632048	17152	0	0
2632704	17152	0	0
2633360	17152	0	0
2634016	17152	0	0
2634672	17152	0	0
2635328	17152	0	0
2635984	17152	0	0
2636640	17152	0	0
2637296	17152	0	0
2637952	17152	0	0
2638608	17152	0	0
2639264	17152	0	0
2639920	17152	0	0
2640576	17152	0	0
2641232	17152	0	0
2641888	17152	0	0
2642544	17152	0	0
2643200	17152	0	0
2643856	17152	0	0
2644512	17152	0	0
2645168	17152	0	0
2645824	17152	0	0
2646480	17152	0	0
2647136	17152	0	0
2647792	17152	0	0
2648448	17152	0	0
2649104	17152	0	0
2649760	17152	0	0
2650416	17152	0	0
2651072	17152	0	0
2651728	17152	0	0
2652384	17152	0	0
2653040	17152	0	0
2653696	17152	0	0
2654352	17152	0	0
2655008	17152	0	0
2655664	17152	0	0
2656320	17152	0	0
2656976	17152	0	0
2657632	17152	0	0
2658288	17152	0	0
2658944	17152	0	0
2659600	17152	0	0
2660256	17152	0	0
2660912	17152	0	0
2661568	17152	0	0
2662224	17152	0	0
2662880	17152	0	0
2663536	17152	0	0
2664192	17152	0	0
2664848	17152	0	0
2665504	17152	0	0
2666160	17152	0	0
2666816	17152	0	0
2667472	17152	0	0
2668128	17152	0	0
2668784	17152	0	0
2669440	17152	0	0
2670096	17152	0	0
2670752	17152	0	0
2671408	17152	0	0
2672064	17152	0	0
2672720	17152	0	0
2673376	17152	0	0
2674032	17152	0	0
2674688	17152	0	0
2675344	17152	0	0
2676000	17152	0	0
2676656	17152	0	0
2677312	17152	0	0
2677968	17152	0	0
2678624	17152	0	0
2679280	17152	0	0
2679936	17152	0	0
2680592	17152	0	0
2681248	17152	0	0
2681904	17152	0	0
2682560	17152	0	0
2683216	17152	0	0
2683872	17152	0	0
2684528	17152	0	0
2685184	17152	0	0
2685840	17152	0	0
2686496	17152	0	0
2687152	17152	0	0
2687808	17152	0	0
2688464	17152	0	0
2689120	17152	0	0
2689776	17152	0	0
2690432	17152	0	0
2691088	17152	0	0
2691744	17152	0	0
2692400	17152	0	0
2693056	17152	0	0
2693712	17152	0	0
2694368	17152	0	0
2695024	17152	0	0
2695680	17152	0	0
2696336	17152	0	0
2696992	17152	0	0
2697648	17152	0	0
2698304	17152	0	0
2698960	17152	0	0
2699616	17152	0	0
2700272	17152	0	0
2700928	17152	0	0
2701584	17152	0	0
2702240	17152	0	0
2702896	17152	0	0
2703552	17152	0	0
2704208	17152	0	0
2704864	17152	0	0
2705520	17152	0	0
2706176	17152	0	0
2706832	17152	0	0
2707488	17152	0	0
2708144	17152	0	0
2708800	17152	0	0
2709456	17152	0	0
2710112	17152	0	0
2710768	17152	0	0
2711424	17152	0	0
2712080	17152	0	0
2712736	17152	0	0
2713392	17152	0	0
2714048	17152	0	0
2714704	17152	0	0
2715360	17152	0	0
2716016	17152	0	0
2716672	17152	0	0
2717328	17152	0	0
2717984	17152	0	0
2718640	17152	0	0
2719296	17152	0	0
2719952	17152	0	0
2720608	17152	0	0
2721264	17152	0	0
2721920	17152	0	0
2722576	17152	0	0
2723232	17152	0	0
2723888	17152	0	0
2724544	17152	0	0
2725200	17152	0	0
2725856	17152	0	0
2726512	17152	0	0
2727168	17152	0	0
2727824	17152	0	0
2728480	17152	0	0
2729136	17152	0	0
2729792	17152	0	0
2730448	17152	0	0
2731104	17152	0	0
2731760	17152	0	0
2732416	17152	0	0
2733072	17152	0	0
2733728	17152	0	0
2734384	17152	0	0
2735040	17152	0	0
2735696	17152	0	0
2736352	17152	0	0
2737008	17152	0	0
2737664	17152	0	0
2738320	17152	0	0
2738976	17152	0	0
2739632	17152	0	0
2740288	17152	0	0
2740944	17152	0	0
2741600	17152	0	0
2742256	17152	0	0
2742912	17152	0	0
2743568	17152	0	0
2744224	17152	0	0
2744880	17152	0	0
2745536	17152	0	0
2746192	17152	0	0
2746848	17152	0	0
2747504	17152	0	0
2748160	17152	0	0
2748816	17152	0	0
2749472	17152	0	0
2750128	17152	0	0
2750784	17152	0	0
2751440	17152	0	0
2752096	17152	0	0
2752752	17152	0	0
2753408	17152	0	0
2754064	17152	0	0
2754720	17152	0	0
2755376	17152	0	0
2756032	17152	0	0
2756688	17152	0	0
2757344	17152	0	0
2758000	17152	0	0
2758656	17152	0	0
2759312	17152	0	0
2759968	17152	0	0
2760624	17152	0	0
2761280	17152	0	0
2761936	17152	0	0
2762592	17152	0	0
2763248	17152	0	0
2763904	17152	0	0
2764560	17152	0	0
2765216	17152	0	0
2765872	17152	0	0
2766528	17152	0	0
2767184	17152	0	0
2767840	17152	0	0
2768496	17152	0	0
2769152	17152	0	0
2769808	17152	0	0
2770464	17152	0	0
2771120	17152	0	0
2771776	17152	0	0
2772432	17152	0	0
2773088	17152	0	0
2773744	17152	0	0
2774400	17152	0	0
2775056	17152	0	0
2775712	17152	0	0
2776368	17152	0	0
2777024	17152	0	0
2777680	17152	0	0
2778336	17152	0	0
2778992	17152	0	0
2779648	17152	0	0
2780304	17152	0	0
2780960	17152	0	0
2781616	17152	0	0
2782272	17152	0	0
2782928	17152	0	0
2783584	17152	0	0
2784240	17152	0	0
2784896	17152	0	0
2785552	17152	0	0
2786208	17152	0	0
2786864	17152	0	0
2787520	17152	0	0
2788176	17152	0	0
2788832	17152	0	0
2789488	17152	0	0
2790144	17152	0	0
2790800	17152	0	0
2791456	17152	0	0
2792112	17152	0	0
2792768	17152	0	0
2793424	17152	0	0
2794080	17152	0	0
2794736	17152	0	0
2795392	17152	0	0
2796048	17152	0	0
2796704	17152	0	0
2797360	17152	0	0
2798016	17152	0	0
2798672	17152	0	0
2799328	17152	0	0
2799984	17152	0	0
2800640	17152	0	0
2801296	17152	0	0
2801952	17152	0	0
2802608	17152	0	0
2803264	17152	0	0
2803920	17152	0	0
2804576	17152	0	0
2805232	17152	0	0
2805888	17152	0	0
2806544	17152	0	0
2807200	17152	0	0
2807856	17152	0	0
2808512	17152	0	0
2809168	17152	0	0
2809824	17152	0	0
2810480	17152	0	0
2811136	17152	0	0
2811792	17152	0	0
2812448	17152	0	0
2813104	17152	0	0
2813760	17152	0	0
2814416	17152	0	0
2815072	17152	0	0
2815728	17152	0	0
2816384	17152	0	0
2817040	17152	0	0
2817696	17152	0	0
2818352	17152	0	0
2819008	17152	0	0
2819664	17152	0	0
2820320	17152	0	0
2820976	17152	0	0
2821632	17152	0	0
2822288	17152	0	0
2822944	17152	0	0
2823600	17152	0	0
2824256	17152	0	0
2824912	17152	0	0
2825568	17152	0	0
2826224	17152	0	0
2826880	17152	0	0
2827536	17152	0	0
2828192	17152	0	0
2828848	17152	0	0
2829504	17152	0	0
2830160	17152	0	0
2830816	17152	0	0
2831472	17152	0	0
2832128	17152	0	0
2832784	17152	0	0
2833440	17152	0	0
2834096	17152	0	0
2834752	17152	0	0
2835408	17152	0	0
2836064	17152	0	0
2836720	17152	0	0
2837376	17152	0	0
2838032	17152	0	0
2838688	17152	0	0
2839344	17152	0	0
2840000	17152	0	0
2840656	17152	0	0
2841312	17152	0	0
2841968	17152	0	0
2842624	17152	0	0
2843280	17152	0	0
2843936	17152	0	0
2844592	17152	0	0
2845248	17152	0	0
2845904	17152	0	0
2846560	17152	0	0
2847216	17152	0	0
2847872	17152	0	0
2848528	17152	0	0
2849184	17152	0	0
2849840	17152	0	0
2850496	17152	0	0
2851152	17152	0	0
2851808	17152	0	0
2852464	17152	0	0
2853120	17152	0	0
2853776	17152	0	0
2854432	17152	0	0
2855088	17152	0	0
2855744	17152	0	0
2856400	17152	0	0
2857056	17152	0	0
2857712	17152	0	0
2858368	17152	0	0
2859024	17152	0	0
2859680	17152	0	0
2860336	17152	0	0
2860992	17152	0	0
2861648	17152	0	0
2862304	17152	0	0
2862960	17152	0	0
2863616	17152	0	0
2864272	17152	0	0
2864928	17152	0	0
2865584	17152	0	0
2866240	17152	0	0
2866896	17152	0	0
2867552	17152	0	0
2868208	17152	0	0
2868864	17152	0	0
2869520	17152	0	0
2870176	17152	0	0
2870832	17152	0	0
2871488	17152	0	0
2872144	17152	0	0
2872800	17152	0	0
2873456	17152	0	0
2874112	17152	0	0
2874768	17152	0	0
2875424	17152	0	0
2876080	17152	0	0
2876736	17152	0	0
2877392	17152	0	0
2878048	17152	0	0
2878704	17152	0	0
2879360	17152	0	0
2880016	17152	0	0
2880672	17152	0	0
2881328	17152	0	0
2881984	17152	0	0
2882640	17152	0	0
2883296	17152	0	0
2883952	17152	0	0
2884608	17152	0	0
2885264	17152	0	0
2885920	17152	0	0
2886576	17152	0	0
2887232	17152	0	0
2887888	17152	0	0
2888544	17152	0	0
2889200	17152	0	0
2889856	17152	0	0
2890512	17152	0	0
2891168	17152	0	0
2891824	17152	0	0
2892480	17152	0	0
2893136	17152	0	0
2893792	17152	0	0
2894448	17152	0	0
2895104	17152	0	0
2895760	17152	0	0
2896416	17152	0	0
2897072	17152	0	0
2897728	17152	0	0
2898384	17152	0	0
2899040	17152	0	0
2899696	17152	0	0
2900352	17152	0	0
2901008	17152	0	0
2901664	17152	0	0
2902320	17152	0	0
2902976	17152	0	0
2903632	17152	0	0
2904288	17152	0	0
2904944	17152	0	0
2905600	17152	0	0
2906256	17152	0	0
2906912	17152	0	0
2907568	17152	0	0
2908224	17152	0	0
2908880	17152	0	0
2909536	17152	0	0
2910192	17152	0	0
2910848	17152	0	0
2911504	17152	0	0
2912160	17152	0	0
2912816	17152	0	0
2913472	17152	0	0
2914128	17152	0	0
2914784	17152	0	0
2915440	17152	0	0
2916096	17152	0	0
2916752	17152	0	0
2917408	17152	0	0
2918064	17152	0	0
2918720	17152	0	0
2919376	17152	0	0
2920032	17152	0	0
2920688	17152	0	0
2921344	17152	0	0
2922000	17152	0	0
2922656	17152	0	0
2923312	17152	0	0
2923968	17152	0	0
2924624	17152	0	0
2925280	17152	0	0
2925936	17152	0	0
2926592	17152	0	0
2927248	17152	0	0
2927904	17152	0	0
2928560	17152	0	0
2929216	17152	0	0
2929872	17152	0	0
2930528	17152	0	0
2931184	17152	0	0
2931840	17152	0	0
2932496	17152	0	0
2933152	17152	0	0
2933808	17152	0	0
2934464	17152	0	0
2935120	17152	0	0
2935776	17152	0	0
2936432	17152	0	0
2937088	17152	0	0
2937744	17152	0	0
2938400	17152	0	0
2939056	17152	0	0
2939712	17152	0	0
2940368	17152	0	0
2941024	17152	0	0
2941680	17152	0	0
2942336	17152	0	0
2942992	17152	0	0
2943648	17152	0	0
2944304	17152	0	0
2944960	17152	0	0
2945616	17152	0	0
2946272	17152	0	0
2946928	17152	0	0
2947584	17152	0	0
2948240	17152	0	0
2948896	17152	0	0
2949552	17152	0	0
2950208	17152	0	0
2950864	17152	0	0
2951520	17152	0	0
2952176	17152	0	0
2952832	17152	0	0
2953488	17152	0	0
2954144	17152	0	0
2954800	17152	0	0
2955456	17152	0	0
2956112	17152	0	0
2956768	17152	0	0
2957424	17152	0	0
2958080	17152	0	0
2958736	17152	0	0
2959392	17152	0	0
2960048	17152	0	0
2960704	17152	0	0
2961360	17152	0	0
2962016	17152	0	0
2962672	17152	0	0
2963328	17152	0	0
2963984	17152	0	0
2964640	17152	0	0
2965296	17152	0	0
2965952	17152	0	0
2966608	17152	0	0
2967264	17152	0	0
2967920	17152	0	0
2968576	17152	0	0
2969232	17152	0	0
2969888	17152	0	0
2970544	17152	0	0
2971200	17152	0	0
2971856	17152	0	0
2972512	17152	0	0
2973168	17152	0	0
2973824	17152	0	0
2974480	17152	0	0
2975136	17152	0	0
2975792	17152	0	0
2976448	17152	0	0
2977104	17152	0	0
2977760	17152	0	0
2978416	17152	0	0
2979072	17152	0	0
2979728	17152	0	0
2980384	17152	0	0
2981040	17152	0	0
2981696	17152	0	0
2982352	17152	0	0
2983008	17152	0	0
2983664	17152	0	0
2984320	17152	0	0
2984976	17152	0	0
2985632	17152	0	0
2986288	17152	0	0
2986944	17152	0	0
2987600	17152	0	0
2988256	17152	0	0
2988912	17152	0	0
2989568	17152	0	0
2990224	17152	0	0
2990880	17152	0	0
2991536	17152	0	0
2992192	17152	0	0
2992848	17152	0	0
2993504	17152	0	0
2994160	17152	0	0
2994816	17152	0	0
2995472	17152	0	0
2996128	17152	0	0
2996784	17152	0	0
2997440	17152	0	0
2998096	17152	0	0
2998752	17152	0	0
2999408	17152	0	0
3000064	17152	0	0
3000720	17152	0	0
3001376	17152	0	0
3002032	17152	0	0
3002688	17152	0	0
3003344	17152	0	0
3004000	17152	0	0
3004656	17152	0	0
3005312	17152	0	0
3005968	17152	0	0
3006624	17152	0	0
3007280	17152	0	0
3007936	17152	0	0
3008592	17152	0	0
3009248	17152	0	0
3009904	17152	0	0
3010560	17152	0	0
3011216	17152	0	0
3011872	17152	0	0
3012528	17152	0	0
3013184	17152	0	0
3013840	17152	0	0
3014496	17152	0	0
3015152	17152	0	0
3015808	17152	0	0
3016464	17152	0	0
3017120	17152	0	0
3017776	17152	0	0
3018432	17152	0	0
3019088	17152	0	0
3019744	17152	0	0
3020400	17152	0	0
3021056	17152	0	0
3021712	17152	0	0
3022368	17152	0	0
3023024	17152	0	0
3023680	17152	0	0
3024336	17152	0	0
3024992	17152	0	0
3025648	17152	0	0
3026304	17152	0	0
3026960	17152	0	0
3027616	17152	0	0
3028272	17152	0	0
3028928	17152	0	0
3029584	17152	0	0
3030240	17152	0	0
3030896	17152	0	0
3031552	17152	0	0
3032208	17152	0	0
3032864	17152	0	0
3033520	17152	0	0
3034176	17152	0	0
3034832	17152	0	0
3035488	17152	0	0
3036144	17152	0	0
3036800	17152	0	0
3037456	17152	0	0
3038112	17152	0	0
3038768	17152	0	0
3039424	17152	0	0
3040080	17152	0	0
3040736	17152	0	0
3041392	17152	0	0
3042048	17152	0	0
3042704	17152	0	0
3043360	17152	0	0
3044016	17152	0	0
3044672	17152	0	0
3045328	17152	0	0
3045984	17152	0	0
3046640	17152	0	0
3047296	17152	0	0
3047952	17152	0	0
3048608	17152	0	0
3049264	17152	0	0
3049920	17152	0	0
3050576	17152	0	0
3051232	17152	0	0
3051888	17152	0	0
3052544	17152	0	0
3053200	17152	0	0
3053856	17152	0	0
3054512	17152	0	0
3055168	17152	0	0
3055824	17152	0	0
3056480	17152	0	0
3057136	17152	0	0
3057792	17152	0	0
3058448	17152	0	0
3059104	17152	0	0
3059760	17152	0	0
3060416	17152	0	0
3061072	17152	0	0
3061728	17152	0	0
3062384	17152	0	0
3063040	17152	0	0
3063696	17152	0	0
3064352	17152	0	0
3065008	17152	0	0
3065664	17152	0	0
3066320	17152	0	0
3066976	17152	0	0
3067632	17152	0	0
3068288	17152	0	0
3068944	17152	0	0
3069600	17152	0	0
3070256	17152	0	0
3070912	17152	0	0
3071568	17152	0	0
3072224	17152	0	0
3072880	17152	0	0
3073536	17152	0	0
3074192	17152	0	0
3074848	17152	0	0
3075504	17152	0	0
3076160	17152	0	0
3076816	17152	0	0
3077472	17152	0	0
3078128	17152	0	0
3078784	17152	0	0
3079440	17152	0	0
3080096	17152	0	0
3080752	17152	0	0
3081408	17152	0	0
3082064	17152	0	0
3082720	17152	0	0
3083376	17152	0	0
3084032	17152	0	0
3084688	17152	0	0
3085344	17152	0	0
3086000	17152	0	0
3086656	17152	0	0
3087312	17152	0	0
3087968	17152	0	0
3088624	17152	0	0
3089280	17152	0	0
3089936	17152	0	0
3090592	17152	0	0
3091248	17152	0	0
3091904	17152	0	0
3092560	17152	0	0
3093216	17152	0	0
3093872	17152	0	0
3094528	17152	0	0
3095184	17152	0	0
3095840	17152	0	0
3096496	17152	0	0
3097152	17152	0	0
3097808	17152	0	0
3098464	17152	0	0
3099120	17152	0	0
3099776	17152	0	0
3100432	17152	0	0
3101088	17152	0	0
3101744	17152	0	0
3102400	17152	0	0
3103056	17152	0	0
3103712	17152	0	0
3104368	17152	0	0
3105024	17152	0	0
3105680	17152	0	0
3106336	17152	0	0
3106992	17152	0	0
3107648	17152	0	0
3108304	17152	0	0
3108960	17152	0	0
3109616	17152	0	0
3110272	17152	0	0
3110928	17152	0	0
3111584	17152	0	0
3112240	17152	0	0
3112896	17152	0	0
3113552	17152	0	0
3114208	17152	0	0
3114864	17152	0	0
3115520	17152	0	0
3116176	17152	0	0
3116832	17152	0	0
3117488	17152	0	0
3118144	17152	0	0
3118800	17152	0	0
3119456	17152	0	0
3120112	17152	0	0
3120768	17152	0	0
3121424	17152	0	0
3122080	17152	0	0
3122736	17152	0	0
3123392	17152	0	0
3124048	17152	0	0
3124704	17152	0	0
3125360	17152	0	0
3126016	17152	0	0
3126672	17152	0	0
3127328	17152	0	0
3127984	17152	0	0
3128640	17152	0	0
3129296	17152	0	0
3129952	17152	0	0
3130608	17152	0	0
3131264	17152	0	0
3131920	17152	0	0
3132576	17152	0	0
3133232	17152	0	0
3133888	17152	0	0
3134544	17152	0	0
3135200	17152	0	0
3135856	17152	0	0
3136512	17152	0	0
3137168	17152	0	0
3137824	17152	0	0
3138480	17152	0	0
3139136	17152	0	0
3139792	17152	0	0
3140448	17152	0	0
3141104	17152	0	0
3141760	17152	0	0
3142416	17152	0	0
3143072	17152	0	0
3143728	17152	0	0
3144384	17152	0	0
3145040	17152	0	0
3145696	17152	0	0
3146352	17152	0	0
3147008	17152	0	0
3147664	17152	0	0
3148320	17152	0	0
3148976	17152	0	0
3149632	17152	0	0
3150288	17152	0	0
3150944	17152	0	0
3151600	17152	0	0
3152256	17152	0	0
3152912	17152	0	0
3153568	17152	0	0
3154224	17152	0	0
3154880	17152	0	0
3155536	17152	0	0
3156192	17152	0	0
3156848	17152	0	0
3157504	17152	0	0
3158160	17152	0	0
3158816	17152	0	0
3159472	17152	0	0
3160128	17152	0	0
3160784	17152	0	0
3161440	17152	0	0
3162096	17152	0	0
3162752	17152	0	0
3163408	17152	0	0
3164064	17152	0	0
3164720	17152	0	0
3165376	17152	0	0
3166032	17152	0	0
3166688	17152	0	0
3167344	17152	0	0
3168000	17152	0	0
3168656	17152	0	0
3169312	17152	0	0
3169968	17152	0	0
3170624	17152	0	0
3171280	17152	0	0
3171936	17152	0	0
3172592	17152	0	0
3173248	17152	0	0
3173904	17152	0	0
3174560	17152	0	0
3175216	17152	0	0
3175872	17152	0	0
3176528	17152	0	0
3177184	17152	0	0
3177840	17152	0	0
3178496	17152	0	0
3179152	17152	0	0
3179808	17152	0	0
3180464	17152	0	0
3181120	17152	0	0
3181776	17152	0	0
3182432	17152	0	0
3183088	17152	0	0
3183744	17152	0	0
3184400	17152	0	0
3185056	17152	0	0
3185712	17152	0	0
3186368	17152	0	0
3187024	17152	0	0
3187680	17152	0	0
3188336	17152	0	0
3188992	17152	0	0
3189648	17152	0	0
3190304	17152	0	0
3190960	17152	0	0
3191616	17152	0	0
3192272	17152	0	0
3192928	17152	0	0
3193584	17152	0	0
3194240	17152	0	0
3194896	17152	0	0
3195552	17152	0	0
3196208	17152	0	0
3196864	17152	0	0
3197520	17152	0	0
3198176	17152	0	0
3198832	17152	0	0
3199488	17152	0	0
3200144	17152	0	0
3200800	17152	0	0
3201456	17152	0	0
3202112	17152	0	0
3202768	17152	0	0
3203424	17152	0	0
3204080	17152	0	0
3204736	17152	0	0
3205392	17152	0	0
3206048	17152	0	0
3206704	17152	0	0
3207360	17152	0	0
3208016	17152	0	0
3208672	17152	0	0
3209328	17152	0	0
3209984	17152	0	0
3210640	17152	0	0
3211296	17152	0	0
3211952	17152	0	0
3212608	17152	0	0
3213264	17152	0	0
3213920	17152	0	0
3214576	17152	0	0
3215232	17152	0	0
3215888	17152	0	0
3216544	17152	0	0
3217200	17152	0	0
3217856	17152	0	0
3218512	17152	0	0
3219168	17152	0	0
3219824	17152	0	0
3220480	17152	0	0
3221136	17152	0	0
3221792	17152	0	0
3222448	17152	0	0
3223104	17152	0	0
3223760	17152	0	0
3224416	17152	0	0
3225072	17152	0	0
3225728	17152	0	0
3226384	17152	0	0
3227040	17152	0	0
3227696	17152	0	0
3228352	17152	0	0
3229008	17152	0	0
3229664	17152	0	0
3230320	17152	0	0
3230976	17152	0	0
3231632	17152	0	0
3232288	17152	0	0
3232944	17152	0	0
3233600	17152	0	0
3234256	17152	0	0
3234912	17152	0	0
3235568	17152	0	0
3236224	17152	0	0
3236880	17152	0	0
3237536	17152	0	0
3238192	17152	0	0
3238848	17152	0	0
3239504	17152	0	0
3240160	17152	0	0
3240816	17152	0	0
3241472	17152	0	0
3242128	17152	0	0
3242784	17152	0	0
3243440	17152	0	0
3244096	17152	0	0
3244752	17152	0	0
3245408	17152	0	0
3246064	17152	0	0
3246720	17152	0	0
3247376	17152	0	0
3248032	17152	0	0
3248688	17152	0	0
3249344	17152	0	0
3250000	17152	0	0
3250656	17152	0	0
3251312	17152	0	0
3251968	17152	0	0
3252624	17152	0	0
3253280	17152	0	0
3253936	17152	0	0
3254592	17152	0	0
3255248	17152	0	0
3255904	17152	0	0
3256560	17152	0	0
3257216	17152	0	0
3257872	17152	0	0
3258528	17152	0	0
3259184	17152	0	0
3259840	17152	0	0
3260496	17152	0	0
3261152	17152	0	0
3261808	17152	0	0
3262464	17152	0	0
3263120	17152	0	0
3263776	17152	0	0
3264432	17152	0	0
3265088	17152	0	0
3265744	17152	0	0
3266400	17152	0	0
3267056	17152	0	0
3267712	17152	0	0
3268368	17152	0	0
3269024	17152	0	0
3269680	17152	0	0
3270336	17152	0	0
3270992	17152	0	0
3271648	17152	0	0
3272304	17152	0	0
3272960	17152	0	0
3273616	17152	0	0
3274272	17152	0	0
3274928	17152	0	0
3275584	17152	0	0
3276240	17152	0	0
3276896	17152	0	0
3277552	17152	0	0
3278208	17152	0	0
3278864	17152	0	0
3279520	17152	0	0
3280176	17152	0	0
3280832	17152	0	0
3281488	17152	0	0
3282144	17152	0	0
3282800	17152	0	0
3283456	17152	0	0
3284112	17152	0	0
3284768	17152	0	0
3285424	17152	0	0
3286080	17152	0	0
3286736	17152	0	0
3287392	17152	0	0
3288048	17152	0	0
3288704	17152	0	0
3289360	17152	0	0
3290016	17152	0	0
3290672	17152	0	0
3291328	17152	0	0
3291984	17152	0	0
3292640	17152	0	0
3293296	17152	0	0
3293952	17152	0	0
3294608	17152	0	0
3295264	17152	0	0
3295920	17152	0	0
3296576	17152	0	0
3297232	17152	0	0
3297888	17152	0	0
3298544	17152	0	0
3299200	17152	0	0
3299856	17152	0	0
3300512	17152	0	0
3301168	17152	0	0
3301824	17152	0	0
3302480	17152	0	0
3303136	17152	0	0
3303792	17152	0	0
3304448	17152	0	0
3305104	17152	0	0
3305760	17152	0	0
3306416	17152	0	0
3307072	17152	0	0
3307728	17152	0	0
3308384	17152	0	0
3309040	17152	0	0
3309696	17152	0	0
3310352	17152	0	0
3311008	17152	0	0
3311664	17152	0	0
3312320	17152	0	0
3312976	17152	0	0
3313632	17152	0	0
3314288	17152	0	0
3314944	17152	0	0
3315600	17152	0	0
3316256	17152	0	0
3316912	17152	0	0
3317568	17152	0	0
3318224	17152	0	0
3318880	17152	0	0
3319536	17152	0	0
3320192	17152	0	0
3320848	17152	0	0
3321504	17152	0	0
3322160	17152	0	0
3322816	17152	0	0
3323472	17152	0	0
3324128	17152	0	0
3324784	17152	0	0
3325440	17152	0	0
3326096	17152	0	0
3326752	17152	0	0
3327408	17152	0	0
3328064	17152	0	0
3328720	17152	0	0
3329376	17152	0	0
3330032	17152	0	0
3330688	17152	0	0
3331344	17152	0	0
3332000	17152	0	0
3332656	17152	0	0
3333312	17152	0	0
3333968	17152	0	0
3334624	17152	0	0
3335280	17152	0	0
3335936	17152	0	0
3336592	17152	0	0
3337248	17152	0	0
3337904	17152	0	0
3338560	17152	0	0
3339216	17152	0	0
3339872	17152	0	0
3340528	17152	0	0
3341184	17152	0	0
3341840	17152	0	0
3342496	17152	0	0
3343152	17152	0	0
3343808	17152	0	0
3344464	17152	0	0
3345120	17152	0	0
3345776	17152	0	0
3346432	17152	0	0
3347088	17152	0	0
3347744	17152	0	0
3348400	17152	0	0
3349056	17152	0	0
3349712	17152	0	0
3350368	17152	0	0
3351024	17152	0	0
3351680	17152	0	0
3352336	17152	0	0
3352992	17152	0	0
3353648	17152	0	0
3354304	17152	0	0
3354960	17152	0	0
3355616	17152	0	0
3356272	17152	0	0
3356928	17152	0	0
3357584	17152	0	0
3358240	17152	0	0
3358896	17152	0	0
3359552	17152	0	0
3360208	17152	0	0
3360864	17152	0	0
3361520	17152	0	0
3362176	17152	0	0
3362832	17152	0	0
3363488	17152	0	0
3364144	17152	0	0
3364800	17152	0	0
3365456	17152	0	0
3366112	17152	0	0
3366768	17152	0	0
3367424	17152	0	0
3368080	17152	0	0
3368736	17152	0	0
3369392	17152	0	0
3370048	17152	0	0
3370704	17152	0	0
3371360	17152	0	0
3372016	17152	0	0
3372672	17152	0	0
3373328	17152	0	0
3373984	17152	0	0
3374640	17152	0	0
3375296	17152	0	0
3375952	17152	0	0
3376608	17152	0	0
3377264	17152	0	0
3377920	17152	0	0
3378576	17152	0	0
3379232	17152	0	0
3379888	17152	0	0
3380544	17152	0	0
3381200	17152	0	0
3381856	17152	0	0
3382512	17152	0	0
3383168	17152	0	0
3383824	17152	0	0
3384480	17152	0	0
3385136	17152	0	0
3385792	17152	0	0
3386448	17152	0	0
3387104	17152	0	0
3387760	17152	0	0
3388416	17152	0	0
3389072	17152	0	0
3389728	17152	0	0
3390384	17152	0	0
3391040	17152	0	0
3391696	17152	0	0
3392352	17152	0	0
3393008	17152	0	0
3393664	17152	0	0
3394320	17152	0	0
3394976	17152	0	0
3395632	17152	0	0
3396288	17152	0	0
3396944	17152	0	0
3397600	17152	0	0
3398256	17152	0	0
3398912	17152	0	0
3399568	17152	0	0
3400224	17152	0	0
3400880	17152	0	0
3401536	17152	0	0
3402192	17152	0	0
3402848	17152	0	0
3403504	17152	0	0
3404160	17152	0	0
3404816	17152	0	0
3405472	17152	0	0
3406128	17152	0	0
3406784	17152	0	0
3407440	17152	0	0
3408096	17152	0	0
3408752	17152	0	0
3409408	17152	0	0
3410064	17152	0	0
3410720	17152	0	0
3411376	17152	0	0
3412032	17152	0	0
3412688	17152	0	0
3413344	17152	0	0
3414000	17152	0	0
3414656	17152	0	0
3415312	17152	0	0
3415968	17152	0	0
3416624	17152	0	0
3417280	17152	0	0
3417936	17152	0	0
3418592	17152	0	0
3419248	17152	0	0
3419904	17152	0	0
3420560	17152	0	0
3421216	17152	0	0
3421872	17152	0	0
3422528	17152	0	0
3423184	17152	0	0
3423840	17152	0	0
3424496	17152	0	0
3425152	17152	0	0
3425808	17152	0	0
3426464	17152	0	0
3427120	17152	0	0
3427776	17152	0	0
3428432	17152	0	0
3429088	17152	0	0
3429744	17152	0	0
3430400	17152	0	0
3431056	17152	0	0
3431712	17152	0	0
3432368	17152	0	0
3433024	17152	0	0
3433680	17152	0	0
3434336	17152	0	0
3434992	17152	0	0
3435648	17152	0	0
3436304	17152	0	0
3436960	17152	0	0
3437616	17152	0	0
3438272	17152	0	0
3438928	17152	0	0
3439584	17152	0	0
3440240	17152	0	0
3440896	17152	0	0
3441552	17152	0	0
3442208	17152	0	0
3442864	17152	0	0
3443520	17152	0	0
3444176	17152	0	0
3444832	17152	0	0
3445488	17152	0	0
3446144	17152	0	0
3446800	17152	0	0
3447456	17152	0	0
3448112	17152	0	0
3448768	17152	0	0
3449424	17152	0	0
3450080	17152	0	0
3450736	17152	0	0
3451392	17152	0	0
3452048	17152	0	0
3452704	17152	0	0
3453360	17152	0	0
3454016	17152	0	0
3454672	17152	0	0
3455328	17152	0	0
3455984	17152	0	0
3456640	17152	0	0
3457296	17152	0	0
3457952	17152	0	0
3458608	17152	0	0
3459264	17152	0	0
3459920	17152	0	0
3460576	17152	0	0
3461232	17152	0	0
3461888	17152	0	0
3462544	17152	0	0
3463200	17152	0	0
3463856	17152	0	0
3464512	17152	0	0
3465168	17152	0	0
3465824	17152	0	0
3466480	17152	0	0
3467136	17152	0	0
3467792	17152	0	0
3468448	17152	0	0
3469104	17152	0	0
3469760	17152	0	0
3470416	17152	0	0
3471072	17152	0	0
3471728	17152	0	0
3472384	17152	0	0
3473040	17152	0	0
3473696	17152	0	0
3474352	17152	0	0
3475008	17152	0	0
3475664	17152	0	0
3476320	17152	0	0
3476976	17152	0	0
3477632	17152	0	0
3478288	17152	0	0
3478944	17152	0	0
3479600	17152	0	0
3480256	17152	0	0
3480912	17152	0	0
3481568	17152	0	0
3482224	17152	0	0
3482880	17152	0	0
3483536	17152	0	0
3484192	17152	0	0
3484848	17152	0	0
3485504	17152	0	0
3486160	17152	0	0
3486816	17152	0	0
3487472	17152	0	0
3488128	17152	0	0
3488784	17152	0	0
3489440	17152	0	0
3490096	17152	0	0
3490752	17152	0	0
3491408	17152	0	0
3492064	17152	0	0
3492720	17152	0	0
3493376	17152	0	0
3494032	17152	0	0
3494688	17152	0	0
3495344	17152	0	0
3496000	17152	0	0
3496656	17152	0	0
3497312	17152	0	0
3497968	17152	0	0
3498624	17152	0	0
3499280	17152	0	0
3499936	17152	0	0
3500592	17152	0	0
3501248	17152	0	0
3501904	17152	0	0
3502560	17152	0	0
3503216	17152	0	0
3503872	17152	0	0
3504528	17152	0	0
3505184	17152	0	0
3505840	17152	0	0
3506496	17152	0	0
3507152	17152	0	0
3507808	17152	0	0
3508464	17152	0	0
3509120	17152	0	0
3509776	17152	0	0
3510432	17152	0	0
3511088	17152	0	0
3511744	17152	0	0
3512400	17152	0	0
3513056	17152	0	0
3513712	17152	0	0
3514368	17152	0	0
3515024	17152	0	0
3515680	17152	0	0
3516336	17152	0	0
3516992	17152	0	0
3517648	17152	0	0
3518304	17152	0	0
3518960	17152	0	0
3519616	17152	0	0
3520272	17152	0	0
3520928	17152	0	0
3521584	17152	0	0
3522240	17152	0	0
3522896	17152	0	0
3523552	17152	0	0
3524208	17152	0	0
3524864	17152	0	0
3525520	17152	0	0
3526176	17152	0	0
3526832	17152	0	0
3527488	17152	0	0
3528144	17152	0	0
3528800	17152	0	0
3529456	17152	0	0
3530112	17152	0	0
3530768	17152	0	0
3531424	17152	0	0
3532080	17152	0	0
3532736	17152	0	0
3533392	17152	0	0
3534048	17152	0	0
3534704	17152	0	0
3535360	17152	0	0
3536016	17152	0	0
3536672	17152	0	0
3537328	17152	0	0
3537984	17152	0	0
3538640	17152	0	0
3539296	17152	0	0
3539952	17152	0	0
3540608	17152	0	0
3541264	17152	0	0
3541920	17152	0	0
3542576	17152	0	0
3543232	17152	0	0
3543888	17152	0	0
3544544	17152	0	0
3545200	17152	0	0
3545856	17152	0	0
3546512	17152	0	0
3547168	17152	0	0
3547824	17152	0	0
3548480	17152	0	0
3549136	17152	0	0
3549792	17152	0	0
3550448	17152	0	0
3551104	17152	0	0
3551760	17152	0	0
3552416	17152	0	0
3553072	17152	0	0
3553728	17152	0	0
3554384	17152	0	0
3555040	17152	0	0
3555696	17152	0	0
3556352	17152	0	0
3557008	17152	0	0
3557664	17152	0	0
3558320	17152	0	0
3558976	17152	0	0
3559632	17152	0	0
3560288	17152	0	0
3560944	17152	0	0
3561600	17152	0	0
3562256	17152	0	0
3562912	17152	0	0
3563568	17152	0	0
3564224	17152	0	0
3564880	17152	0	0
3565536	17152	0	0
3566192	17152	0	0
3566848	17152	0	0
3567504	17152	0	0
3568160	17152	0	0
3568816	17152	0	0
3569472	17152	0	0
3570128	17152	0	0
3570784	17152	0	0
3571440	17152	0	0
3572096	17152	0	0
3572752	17152	0	0
3573408	17152	0	0
3574064	17152	0	0
3574720	17152	0	0
3575376	17152	0	0
3576032	17152	0	0
3576688	17152	0	0
3577344	17152	0	0
3578000	17152	0	0
3578656	17152	0	0
3579312	17152	0	0
3579968	17152	0	0
3580624	17152	0	0
3581280	17152	0	0
3581936	17152	0	0
3582592	17152	0	0
3583248	17152	0	0
3583904	17152	0	0
3584560	17152	0	0
3585216	17152	0	0
3585872	17152	0	0
3586528	17152	0	0
3587184	17152	0	0
3587840	17152	0	0
3588496	17152	0	0
3589152	17152	0	0
3589808	17152	0	0
3590464	17152	0	0
3591120	17152	0	0
3591776	17152	0	0
3592432	17152	0	0
3593088	17152	0	0
3593744	17152	0	0
3594400	17152	0	0
3595056	17152	0	0
3595712	17152	0	0
3596368	17152	0	0
3597024	17152	0	0
3597680	17152	0	0
3598336	17152	0	0
3598992	17152	0	0
3599648	17152	0	0
3600304	17152	0	0
3600960	17152	0	0
3601616	17152	0	0
3602272	17152	0	0
3602928	17152	0	0
3603584	17152	0	0
3604240	17152	0	0
3604896	17152	0	0
3605552	17152	0	0
3606208	17152	0	0
3606864	17152	0	0
3607520	17152	0	0
3608176	17152	0	0
3608832	17152	0	0
3609488	17152	0	0
3610144	17152	0	0
3610800	17152	0	0
3611456	17152	0	0
3612112	17152	0	0
3612768	17152	0	0
3613424	17152	0	0
3614080	17152	0	0
3614736	17152	0	0
3615392	17152	0	0
3616048	17152	0	0
3616704	17152	0	0
3617360	17152	0	0
3618016	17152	0	0
3618672	17152	0	0
3619328	17152	0	0
3619984	17152	0	0
3620640	17152	0	0
3621296	17152	0	0
3621952	17152	0	0
3622608	17152	0	0
3623264	17152	0	0
3623920	17152	0	0
3624576	17152	0	0
3625232	17152	0	0
3625888	17152	0	0
3626544	17152	0	0
3627200	17152	0	0
3627856	17152	0	0
3628512	17152	0	0
3629168	17152	0	0
3629824	17152	0	0
3630480	17152	0	0
3631136	17152	0	0
3631792	17152	0	0
3632448	17152	0	0
3633104	17152	0	0
3633760	17152	0	0
3634416	17152	0	0
3635072	17152	0	0
3635728	17152	0	0
3636384	17152	0	0
3637040	17152	0	0
3637696	17152	0	0
3638352	17152	0	0
3639008	17152	0	0
3639664	17152	0	0
3640320	17152	0	0
3640976	17152	0	0
3641632	17152	0	0
3642288	17152	0	0
3642944	17152	0	0
3643600	17152	0	0
3644256	17152	0	0
3644912	17152	0	0
3645568	17152	0	0
3646224	17152	0	0
3646880	17152	0	0
3647536	17152	0	0
3648192	17152	0	0
3648848	17152	0	0
3649504	17152	0	0
3650160	17152	0	0
3650816	17152	0	0
3651472	17152	0	0
3652128	17152	0	0
3652784	17152	0	0
3653440	17152	0	0
3654096	17152	0	0
3654752	17152	0	0
3655408	17152	0	0
3656064	17152	0	0
3656720	17152	0	0
3657376	17152	0	0
3658032	17152	0	0
3658688	17152	0	0
3659344	17152	0	0
3660000	17152	0	0
3660656	17152	0	0
3661312	17152	0	0
3661968	17152	0	0
3662624	17152	0	0
3663280	17152	0	0
3663936	17152	0	0
3664592	17152	0	0
3665248	17152	0	0
3665904	17152	0	0
3666560	17152	0	0
3667216	17152	0	0
3667872	17152	0	0
3668528	17152	0	0
3669184	17152	0	0
3669840	17152	0	0
3670496	17152	0	0
3671152	17152	0	0
3671808	17152	0	0
3672464	17152	0	0
3673120	17152	0	0
3673776	17152	0	0
3674432	17152	0	0
3675088	17152	0	0
3675744	17152	0	0
3676400	17152	0	0
3677056	17152	0	0
3677712	17152	0	0
3678368	17152	0	0
3679024	17152	0	0
3679680	17152	0	0
3680336	17152	0	0
3680992	17152	0	0
3681648	17152	0	0
3682304	17152	0	0
3682960	17152	0	0
3683616	17152	0	0
3684272	17152	0	0
3684928	17152	0	0
3685584	17152	0	0
3686240	17152	0	0
3686896	17152	0	0
3687552	17152	0	0
3688208	17152	0	0
3688864	17152	0	0
3689520	17152	0	0
3690176	17152	0	0
3690832	17152	0	0
3691488	17152	0	0
3692144	17152	0	0
3692800	17152	0	0
3693456	17152	0	0
3694112	17152	0	0
3694768	17152	0	0
3695424	17152	0	0
3696080	17152	0	0
3696736	17152	0	0
3697392	17152	0	0
3698048	17152	0	0
3698704	17152	0	0
3699360	17152	0	0
3700016	17152	0	0
3700672	17152	0	0
3701328	17152	0	0
3701984	17152	0	0
3702640	17152	0	0
3703296	17152	0	0
3703952	17152	0	0
3704608	17152	0	0
3705264	17152	0	0
3705920	17152	0	0
3706576	17152	0	0
3707232	17152	0	0
3707888	17152	0	0
3708544	17152	0	0
3709200	17152	0	0
3709856	17152	0	0
3710512	17152	0	0
3711168	17152	0	0
3711824	17152	0	0
3712480	17152	0	0
3713136	17152	0	0
3713792	17152	0	0
3714448	17152	0	0
3715104	17152	0	0
3715760	17152	0	0
3716416	17152	0	0
3717072	17152	0	0
3717728	17152	0	0
3718384	17152	0	0
3719040	17152	0	0
3719696	17152	0	0
3720352	17152	0	0
3721008	17152	0	0
3721664	17152	0	0
3722320	17152	0	0
3722976	17152	0	0
3723632	17152	0	0
3724288	17152	0	0
3724944	17152	0	0
3725600	17152	0	0
3726256	17152	0	0
3726912	17152	0	0
3727568	17152	0	0
3728224	17152	0	0
3728880	17152	0	0
3729536	17152	0	0
3730192	17152	0	0
3730848	17152	0	0
3731504	17152	0	0
3732160	17152	0	0
3732816	17152	0	0
3733472	17152	0	0
3734128	17152	0	0
3734784	17152	0	0
3735440	17152	0	0
3736096	17152	0	0
3736752	17152	0	0
3737408	17152	0	0
3738064	17152	0	0
3738720	17152	0	0
3739376	17152	0	0
3740032	17152	0	0
3740688	17152	0	0
3741344	17152	0	0
3742000	17152	0	0
3742656	17152	0	0
3743312	17152	0	0
3743968	17152	0	0
3744624	17152	0	0
3745280	17152	0	0
3745936	17152	0	0
3746592	17152	0	0
3747248	17152	0	0
3747904	17152	0	0
3748560	17152	0	0
3749216	17152	0	0
3749872	17152	0	0
3750528	17152	0	0
3751184	17152	0	0
3751840	17152	0	0
3752496	17152	0	0
3753152	17152	0	0
3753808	17152	0	0
3754464	17152	0	0
3755120	17152	0	0
3755776	17152	0	0
3756432	17152	0	0
3757088	17152	0	0
3757744	17152	0	0
3758400	17152	0	0
3759056	17152	0	0
3759712	17152	0	0
3760368	17152	0	0
3761024	17152	0	0
3761680	17152	0	0
3762336	17152	0	0
3762992	17152	0	0
3763648	17152	0	0
3764304	17152	0	0
3764960	17152	0	0
3765616	17152	0	0
3766272	17152	0	0
3766928	17152	0	0
3767584	17152	0	0
3768240	17152	0	0
3768896	17152	0	0
3769552	17152	0	0
3770208	17152	0	0
3770864	17152	0	0
3771520	17152	0	0
3772176	17152	0	0
3772832	17152	0	0
3773488	17152	0	0
3774144	17152	0	0
3774800	17152	0	0
3775456	17152	0	0
3776112	17152	0	0
3776768	17152	0	0
3777424	17152	0	0
3778080	17152	0	0
3778736	17152	0	0
3779392	17152	0	0
3780048	17152	0	0
3780704	17152	0	0
3781360	17152	0	0
3782016	17152	0	0
3782672	17152	0	0
3783328	17152	0	0
3783984	17152	0	0
3784640	17152	0	0
3785296	17152	0	0
3785952	17152	0	0
3786608	17152	0	0
3787264	17152	0	0
3787920	17152	0	0
3788576	17152	0	0
3789232	17152	0	0
3789888	17152	0	0
3790544	17152	0	0
3791200	17152	0	0
3791856	17152	0	0
3792512	17152	0	0
3793168	17152	0	0
3793824	17152	0	0
3794480	17152	0	0
3795136	17152	0	0
3795792	17152	0	0
3796448	17152	0	0
3797104	17152	0	0
3797760	17152	0	0
3798416	17152	0	0
3799072	17152	0	0
3799728	17152	0	0
3800384	17152	0	0
3801040	17152	0	0
3801696	17152	0	0
3802352	17152	0	0
3803008	17152	0	0
3803664	17152	0	0
3804320	17152	0	0
3804976	17152	0	0
3805632	17152	0	0
3806288	17152	0	0
3806944	17152	0	0
3807600	17152	0	0
3808256	17152	0	0
3808912	17152	0	0
3809568	17152	0	0
3810224	17152	0	0
3810880	17152	0	0
3811536	17152	0	0
3812192	17152	0	0
3812848	17152	0	0
3813504	17152	0	0
3814160	17152	0	0
3814816	17152	0	0
3815472	17152	0	0
3816128	17152	0	0
3816784	17152	0	0
3817440	17152	0	0
3818096	17152	0	0
3818752	17152	0	0
3819408	17152	0	0
3820064	17152	0	0
3820720	17152	0	0
3821376	17152	0	0
3822032	17152	0	0
3822688	17152	0	0
3823344	17152	0	0
3824000	17152	0	0
3824656	17152	0	0
3825312	17152	0	0
3825968	17152	0	0
3826624	17152	0	0
3827280	17152	0	0
3827936	17152	0	0
3828592	17152	0	0
3829248	17152	0	0
3829904	17152	0	0
3830560	17152	0	0
3831216	17152	0	0
3831872	17152	0	0
3832528	17152	0	0
3833184	17152	0	0
3833840	17152	0	0
3834496	17152	0	0
3835152	17152	0	0
3835808	17152	0	0
3836464	17152	0	0
3837120	17152	0	0
3837776	17152	0	0
3838432	17152	0	0
3839088	17152	0	0
3839744	17152	0	0
3840400	17152	0	0
3841056	17152	0	0
3841712	17152	0	0
3842368	17152	0	0
3843024	17152	0	0
3843680	17152	0	0
3844336	17152	0	0
3844992	17152	0	0
3845648	17152	0	0
3846304	17152	0	0
3846960	17152	0	0
3847616	17152	0	0
3848272	17152	0	0
3848928	17152	0	0
3849584	17152	0	0
3850240	17152	0	0
3850896	17152	0	0
3851552	17152	0	0
3852208	17152	0	0
3852864	17152	0	0
3853520	17152	0	0
3854176	17152	0	0
3854832	17152	0	0
3855488	17152	0	0
3856144	17152	0	0
3856800	17152	0	0
3857456	17152	0	0
3858112	17152	0	0
3858768	17152	0	0
3859424	17152	0	0
3860080	17152	0	0
3860736	17152	0	0
3861392	17152	0	0
3862048	17152	0	0
3862704	17152	0	0
3863360	17152	0	0
3864016	17152	0	0
3864672	17152	0	0
3865328	17152	0	0
3865984	17152	0	0
3866640	17152	0	0
3867296	17152	0	0
3867952	17152	0	0
3868608	17152	0	0
3869264	17152	0	0
3869920	17152	0	0
3870576	17152	0	0
3871232	17152	0	0
3871888	17152	0	0
3872544	17152	0	0
3873200	17152	0	0
3873856	17152	0	0
3874512	17152	0	0
3875168	17152	0	0
3875824	17152	0	0
3876480	17152	0	0
3877136	17152	0	0
3877792	17152	0	0
3878448	17152	0	0
3879104	17152	0	0
3879760	17152	0	0
3880416	17152	0	0
3881072	17152	0	0
3881728	17152	0	0
3882384	17152	0	0
3883040	17152	0	0
3883696	17152	0	0
3884352	17152	0	0
3885008	17152	0	0
3885664	17152	0	0
3886320	17152	0	0
3886976	17152	0	0
3887632	17152	0	0
3888288	17152	0	0
3888944	17152	0	0
3889600	17152	0	0
3890256	17152	0	0
3890912	17152	0	0
3891568	17152	0	0
3892224	17152	0	0
3892880	17152	0	0
3893536	17152	0	0
3894192	17152	0	0
3894848	17152	0	0
3895504	17152	0	0
3896160	17152	0	0
3896816	17152	0	0
3897472	17152	0	0
3898128	17152	0	0
3898784	17152	0	0
3899440	17152	0	0
3900096	17152	0	0
3900752	17152	0	0
3901408	17152	0	0
3902064	17152	0	0
3902720	17152	0	0
3903376	17152	0	0
3904032	17152	0	0
3904688	17152	0	0
3905344	17152	0	0
3906000	17152	0	0
3906656	17152	0	0
3907312	17152	0	0
3907968	17152	0	0
3908624	17152	0	0
3909280	17152	0	0
3909936	17152	0	0
3910592	17152	0	0
3911248	17152	0	0
3911904	17152	0	0
3912560	17152	0	0
3913216	17152	0	0
3913872	17152	0	0
3914528	17152	0	0
3915184	17152	0	0
3915840	17152	0	0
3916496	17152	0	0
3917152	17152	0	0
3917808	17152	0	0
3918464	17152	0	0
3919120	17152	0	0
3919776	17152	0	0
3920432	17152	0	0
3921088	17152	0	0
3921744	17152	0	0
3922400	17152	0	0
3923056	17152	0	0
3923712	17152	0	0
3924368	17152	0	0
3925024	17152	0	0
3925680	17152	0	0
3926336	17152	0	0
3926992	17152	0	0
3927648	17152	0	0
3928304	17152	0	0
3928960	17152	0	0
3929616	17152	0	0
3930272	17152	0	0
3930928	17152	0	0
3931584	17152	0	0
3932240	17152	0	0
3932896	17152	0	0
3933552	17152	0	0
3934208	17152	0	0
3934864	17152	0	0
3935520	17152	0	0
3936176	17152	0	0
3936832	17152	0	0
3937488	17152	0	0
3938144	17152	0	0
3938800	17152	0	0
3939456	17152	0	0
3940112	17152	0	0
3940768	17152	0	0
3941424	17152	0	0
3942080	17152	0	0
3942736	17152	0	0
3943392	17152	0	0
3944048	17152	0	0
3944704	17152	0	0
3945360	17152	0	0
3946016	17152	0	0
3946672	17152	0	0
3947328	17152	0	0
3947984	17152	0	0
3948640	17152	0	0
3949296	17152	0	0
3949952	17152	0	0
3950608	17152	0	0
3951264	17152	0	0
3951920	17152	0	0
3952576	17152	0	0
3953232	17152	0	0
3953888	17152	0	0
3954544	17152	0	0
3955200	17152	0	0
3955856	17152	0	0
3956512	17152	0	0
3957168	17152	0	0
3957824	17152	0	0
3958480	17152	0	0
3959136	17152	0	0
3959792	17152	0	0
3960448	17152	0	0
3961104	17152	0	0
3961760	17152	0	0
3962416	17152	0	0
3963072	17152	0	0
3963728	17152	0	0
3964384	17152	0	0
3965040	17152	0	0
3965696	17152	0	0
3966352	17152	0	0
3967008	17152	0	0
3967664	17152	0	0
3968320	17152	0	0
3968976	17152	0	0
3969632	17152	0	0
3970288	17152	0	0
3970944	17152	0	0
3971600	17152	0	0
3972256	17152	0	0
3972912	17152	0	0
3973568	17152	0	0
3974224	17152	0	0
3974880	17152	0	0
3975536	17152	0	0
3976192	17152	0	0
3976848	17152	0	0
3977504	17152	0	0
3978160	17152	0	0
3978816	17152	0	0
3979472	17152	0	0
3980128	17152	0	0
3980784	17152	0	0
3981440	17152	0	0
3982096	17152	0	0
3982752	17152	0	0
3983408	17152	0	0
3984064	17152	0	0
3984720	17152	0	0
3985376	17152	0	0
3986032	17152	0	0
3986688	17152	0	0
3987344	17152	0	0
3988000	17152	0	0
3988656	17152	0	0
3989312	17152	0	0
3989968	17152	0	0
3990624	17152	0	0
3991280	17152	0	0
3991936	17152	0	0
3992592	17152	0	0
3993248	17152	0	0
3993904	17152	0	0
3994560	17152	0	0
3995216	17152	0	0
3995872	17152	0	0
3996528	17152	0	0
3997184	17152	0	0
3997840	17152	0	0
3998496	17152	0	0
3999152	17152	0	0
3999808	17152	0	0
4000464	17152	0	0
4001120	17152	0	0
4001776	17152	0	0
4002432	17152	0	0
4003088	17152	0	0
4003744	17152	0	0
4004400	17152	0	0
4005056	17152	0	0
4005712	17152	0	0
4006368	17152	0	0
4007024	17152	0	0
4007680	17152	0	0
4008336	17152	0	0
4008992	17152	0	0
4009648	17152	0	0
4010304	17152	0	0
4010960	17152	0	0
4011616	17152	0	0
4012272	17152	0	0
4012928	17152	0	0
4013584	17152	0	0
4014240	17152	0	0
4014896	17152	0	0
4015552	17152	0	0
4016208	17152	0	0
4016864	17152	0	0
4017520	17152	0	0
4018176	17152	0	0
4018832	17152	0	0
4019488	17152	0	0
4020144	17152	0	0
4020800	17152	0	0
4021456	17152	0	0
4022112	17152	0	0
4022768	17152	0	0
4023424	17152	0	0
4024080	17152	0	0
4024736	17152	0	0
4025392	17152	0	0
4026048	17152	0	0
4026704	17152	0	0
4027360	17152	0	0
4028016	17152	0	0
4028672	17152	0	0
4029328	17152	0	0
4029984	17152	0	0
4030640	17152	0	0
4031296	17152	0	0
4031952	17152	0	0
4032608	17152	0	0
4033264	17152	0	0
4033920	17152	0	0
4034576	17152	0	0
4035232	17152	0	0
4035888	17152	0	0
4036544	17152	0	0
4037200	17152	0	0
4037856	17152	0	0
4038512	17152	0	0
4039168	17152	0	0
4039824	17152	0	0
4040480	17152	0	0
4041136	17152	0	0
4041792	17152	0	0
4042448	17152	0	0
4043104	17152	0	0
4043760	17152	0	0
4044416	17152	0	0
4045072	17152	0	0
4045728	17152	0	0
4046384	17152	0	0
4047040	17152	0	0
4047696	17152	0	0
4048352	17152	0	0
4049008	17152	0	0
4049664	17152	0	0
4050320	17152	0	0
4050976	17152	0	0
4051632	17152	0	0
4052288	17152	0	0
4052944	17152	0	0
4053600	17152	0	0
4054256	17152	0	0
4054912	17152	0	0
4055568	17152	0	0
4056224	17152	0	0
4056880	17152	0	0
4057536	17152	0	0
4058192	17152	0	0
4058848	17152	0	0
4059504	17152	0	0
4060160	17152	0	0
4060816	17152	0	0
4061472	17152	0	0
4062128	17152	0	0
4062784	17152	0	0
4063440	17152	0	0
4064096	17152	0	0
4064752	17152	0	0
4065408	17152	0	0
4066064	17152	0	0
4066720	17152	0	0
4067376	17152	0	0
4068032	17152	0	0
4068688	17152	0	0
4069344	17152	0	0
4070000	17152	0	0
4070656	17152	0	0
4071312	17152	0	0
4071968	17152	0	0
4072624	17152	0	0
4073280	17152	0	0
4073936	17152	0	0
4074592	17152	0	0
4075248	17152	0	0
4075904	17152	0	0
4076560	17152	0	0
4077216	17152	0	0
4077872	17152	0	0
4078528	17152	0	0
4079184	17152	0	0
4079840	17152	0	0
4080496	17152	0	0
4081152	17152	0	0
4081808	17152	0	0
4082464	17152	0	0
4083120	17152	0	0
4083776	17152	0	0
4084432	17152	0	0
4085088	17152	0	0
4085744	17152	0	0
4086400	17152	0	0
4087056	17152	0	0
4087712	17152	0	0
4088368	17152	0	0
4089024	17152	0	0
4089680	17152	0	0
4090336	17152	0	0
4090992	17152	0	0
4091648	17152	0	0
4092304	17152	0	0
4092960	17152	0	0
4093616	17152	0	0
4094272	17152	0	0
4094928	17152	0	0
4095584	17152	0	0
4096240	17152	0	0
4096896	17152	0	0
4097552	17152	0	0
4098208	17152	0	0
4098864	17152	0	0
4099520	17152	0	0
4100176	17152	0	0
4100832	17152	0	0
4101488	17152	0	0
4102144	17152	0	0
4102800	17152	0	0
4103456	17152	0	0
4104112	17152	0	0
4104768	17152	0	0
4105424	17152	0	0
4106080	17152	0	0
4106736	17152	0	0
4107392	17152	0	0
4108048	17152	0	0
4108704	17152	0	0
4109360	17152	0	0
4110016	17152	0	0
4110672	17152	0	0
4111328	17152	0	0
4111984	17152	0	0
4112640	17152	0	0
4113296	17152	0	0
4113952	17152	0	0
4114608	17152	0	0
4115264	17152	0	0
4115920	17152	0	0
4116576	17152	0	0
4117232	17152	0	0
4117888	17152	0	0
4118544	17152	0	0
4119200	17152	0	0
4119856	17152	0	0
4120512	17152	0	0
4121168	17152	0	0
4121824	17152	0	0
4122480	17152	0	0
4123136	17152	0	0
4123792	17152	0	0
4124448	17152	0	0
4125104	17152	0	0
4125760	17152	0	0
4126416	17152	0	0
4127072	17152	0	0
4127728	17152	0	0
4128384	17152	0	0
4129040	17152	0	0
4129696	17152	0	0
4130352	17152	0	0
4131008	17152	0	0
4131664	17152	0	0
4132320	17152	0	0
4132976	17152	0	0
4133632	17152	0	0
4134288	17152	0	0
4134944	17152	0	0
4135600	17152	0	0
4136256	17152	0	0
4136912	17152	0	0
4137568	17152	0	0
4138224	17152	0	0
4138880	17152	0	0
4139536	17152	0	0
4140192	17152	0	0
4140848	17152	0	0
4141504	17152	0	0
4142160	17152	0	0
4142816	17152	0	0
4143472	17152	0	0
4144128	17152	0	0
4144784	17152	0	0
4145440	17152	0	0
4146096	17152	0	0
4146752	17152	0	0
4147408	17152	0	0
4148064	17152	0	0
4148720	17152	0	0
4149376	17152	0	0
4150032	17152	0	0
4150688	17152	0	0
4151344	17152	0	0
4152000	17152	0	0
4152656	17152	0	0
4153312	17152	0	0
4153968	17152	0	0
4154624	17152	0	0
4155280	17152	0	0
4155936	17152	0	0
4156592	17152	0	0
4157248	17152	0	0
4157904	17152	0	0
4158560	17152	0	0
4159216	17152	0	0
4159872	17152	0	0
4160528	17152	0	0
4161184	17152	0	0
4161840	17152	0	0
4162496	17152	0	0
4163152	17152	0	0
4163808	17152	0	0
4164464	17152	0	0
4165120	17152	0	0
4165776	17152	0	0
4166432	17152	0	0
4167088	17152	0	0
4167744	17152	0	0
4168400	17152	0	0
4169056	17152	0	0
4169712	17152	0	0
4170368	17152	0	0
4171024	17152	0	0
4171680	17152	0	0
4172336	17152	0	0
4172992	17152	0	0
4173648	17152	0	0
4174304	17152	0	0
4174960	17152	0	0
4175616	17152	0	0
4176272	17152	0	0
4176928	17152	0	0
4177584	17152	0	0
4178240	17152	0	0
4178896	17152	0	0
4179552	17152	0	0
4180208	17152	0	0
4180864	17152	0	0
4181520	17152	0	0
4182176	17152	0	0
4182832	17152	0	0
4183488	17152	0	0
4184144	17152	0	0
4184800	17152	0	0
4185456	17152	0	0
4186112	17152	0	0
4186768	17152	0	0
4187424	17152	0	0
4188080	17152	0	0
4188736	17152	0	0
4189392	17152	0	0
4190048	17152	0	0
4190704	17152	0	0
4191360	17152	0	0
4192016	17152	0	0
4192672	17152	0	0
4193328	17152	0	0
4193984	17152	0	0
4194640	17152	0	0
4195296	17152	0	0
4195952	17152	0	0
4196608	17152	0	0
4197264	17152	0	0
4197920	17152	0	0
4198576	17152	0	0
4199232	17152	0	0
4199888	17152	0	0
4200544	17152	0	0
4201200	17152	0	0
4201856	17152	0	0
4202512	17152	0	0
4203168	17152	0	0
4203824	17152	0	0
4204480	17152	0	0
4205136	17152	0	0
4205792	17152	0	0
4206448	17152	0	0
4207104	17152	0	0
4207760	17152	0	0
4208416	17152	0	0
4209072	17152	0	0
4209728	17152	0	0
4210384	17152	0	0
4211040	17152	0	0
4211696	17152	0	0
4212352	17152	0	0
4213008	17152	0	0
4213664	17152	0	0
4214320	17152	0	0
4214976	17152	0	0
4215632	17152	0	0
4216288	17152	0	0
4216944	17152	0	0
4217600	17152	0	0
4218256	17152	0	0
4218912	17152	0	0
4219568	17152	0	0
4220224	17152	0	0
4220880	17152	0	0
4221536	17152	0	0
4222192	17152	0	0
4222848	17152	0	0
4223504	17152	0	0
4224160	17152	0	0
4224816	17152	0	0
4225472	17152	0	0
4226128	17152	0	0
4226784	17152	0	0
4227440	17152	0	0
4228096	17152	0	0
4228752	17152	0	0
4229408	17152	0	0
4230064	17152	0	0
4230720	17152	0	0
4231376	17152	0	0
4232032	17152	0	0
4232688	17152	0	0
4233344	17152	0	0
4234000	17152	0	0
4234656	17152	0	0
4235312	17152	0	0
4235968	17152	0	0
4236624	17152	0	0
4237280	17152	0	0
4237936	17152	0	0
4238592	17152	0	0
4239248	17152	0	0
4239904	17152	0	0
4240560	17152	0	0
4241216	17152	0	0
4241872	17152	0	0
4242528	17152	0	0
4243184	17152	0	0
4243840	17152	0	0
4244496	17152	0	0
4245152	17152	0	0
4245808	17152	0	0
4246464	17152	0	0
4247120	17152	0	0
4247776	17152	0	0
4248432	17152	0	0
4249088	17152	0	0
4249744	17152	0	0
4250400	17152	0	0
4251056	17152	0	0
4251712	17152	0	0
4252368	17152	0	0
4253024	17152	0	0
4253680	17152	0	0
4254336	17152	0	0
4254992	17152	0	0
4255648	17152	0	0
4256304	17152	0	0
4256960	17152	0	0
4257616	17152	0	0
4258272	17152	0	0
4258928	17152	0	0
4259584	17152	0	0
4260240	17152	0	0
4260896	17152	0	0
4261552	17152	0	0
4262208	17152	0	0
4262864	17152	0	0
4263520	17152	0	0
4264176	17152	0	0
4264832	17152	0	0
4265488	17152	0	0
4266144	17152	0	0
4266800	17152	0	0
4267456	17152	0	0
4268112	17152	0	0
4268768	17152	0	0
4269424	17152	0	0
4270080	17152	0	0
4270736	17152	0	0
4271392	17152	0	0
4272048	17152	0	0
4272704	17152	0	0
4273360	17152	0	0
4274016	17152	0	0
4274672	17152	0	0
4275328	17152	0	0
4275984	17152	0	0
4276640	17152	0	0
4277296	17152	0	0
4277952	17152	0	0
4278608	17152	0	0
4279264	17152	0	0
4279920	17152	0	0
4280576	17152	0	0
4281232	17152	0	0
4281888	17152	0	0
4282544	17152	0	0
4283200	17152	0	0
4283856	17152	0	0
4284512	17152	0	0
4285168	17152	0	0
4285824	17152	0	0
4286480	17152	0	0
4287136	17152	0	0
4287792	17152	0	0
4288448	17152	0	0
4289104	17152	0	0
4289760	17152	0	0
4290416	17152	0	0
4291072	17152	0	0
4291728	17152	0	0
4292384	17152	0	0
4293040	17152	0	0
4293696	17152	0	0
4294352	17152	0	0
4295008	17152	0	0
4295664	17152	0	0
4296320	17152	0	0
4296976	17152	0	0
4297632	17152	0	0
4298288	17152	0	0
4298944	17152	0	0
4299600	17152	0	0
4300256	17152	0	0
4300912	17152	0	0
4301568	17152	0	0
4302224	17152	0	0
4302880	17152	0	0
4303536	17152	0	0
4304192	17152	0	0
4304848	17152	0	0
4305504	17152	0	0
4306160	17152	0	0
4306816	17152	0	0
4307472	17152	0	0
4308128	17152	0	0
4308784	17152	0	0
4309440	17152	0	0
4310096	17152	0	0
4310752	17152	0	0
4311408	17152	0	0
4312064	17152	0	0
4312720	17152	0	0
4313376	17152	0	0
4314032	17152	0	0
4314688	17152	0	0
4315344	17152	0	0
4316000	17152	0	0
4316656	17152	0	0
4317312	17152	0	0
4317968	17152	0	0
4318624	17152	0	0
4319280	17152	0	0
4319936	17152	0	0
4320592	17152	0	0
4321248	17152	0	0
4321904	17152	0	0
4322560	17152	0	0
4323216	17152	0	0
4323872	17152	0	0
4324528	17152	0	0
4325184	17152	0	0
4325840	17152	0	0
4326496	17152	0	0
4327152	17152	0	0
4327808	17152	0	0
4328464	17152	0	0
4329120	17152	0	0
4329776	17152	0	0
4330432	17152	0	0
4331088	17152	0	0
4331744	17152	0	0
4332400	17152	0	0
4333056	17152	0	0
4333712	17152	0	0
4334368	17152	0	0
4335024	17152	0	0
4335680	17152	0	0
4336336	17152	0	0
4336992	17152	0	0
4337648	17152	0	0
4338304	17152	0	0
4338960	17152	0	0
4339616	17152	0	0
4340272	17152	0	0
4340928	17152	0	0
4341584	17152	0	0
4342240	17152	0	0
4342896	17152	0	0
4343552	17152	0	0
4344208	17152	0	0
4344864	17152	0	0
4345520	17152	0	0
4346176	17152	0	0
4346832	17152	0	0
4347488	17152	0	0
4348144	17152	0	0
4348800	17152	0	0
4349456	17152	0	0
4350112	17152	0	0
4350768	17152	0	0
4351424	17152	0	0
4352080	17152	0	0
4352736	17152	0	0
4353392	17152	0	0
4354048	17152	0	0
4354704	17152	0	0
4355360	17152	0	0
4356016	17152	0	0
4356672	17152	0	0
4357328	17152	0	0
4357984	17152	0	0
4358640	17152	0	0
4359296	17152	0	0
4359952	17152	0	0
4360608	17152	0	0
4361264	17152	0	0
4361920	17152	0	0
4362576	17152	0	0
4363232	17152	0	0
4363888	17152	0	0
4364544	17152	0	0
4365200	17152	0	0
4365856	17152	0	0
4366512	17152	0	0
4367168	17152	0	0
4367824	17152	0	0
4368480	17152	0	0
4369136	17152	0	0
4369792	17152	0	0
4370448	17152	0	0
4371104	17152	0	0
4371760	17152	0	0
4372416	17152	0	0
4373072	17152	0	0
4373728	17152	0	0
4374384	17152	0	0
4375040	17152	0	0
4375696	17152	0	0
4376352	17152	0	0
4377008	17152	0	0
4377664	17152	0	0
4378320	17152	0	0
4378976	17152	0	0
4379632	17152	0	0
4380288	17152	0	0
4380944	17152	0	0
4381600	17152	0	0
4382256	17152	0	0
4382912	17152	0	0
4383568	17152	0	0
4384224	17152	0	0
4384880	17152	0	0
4385536	17152	0	0
4386192	17152	0	0
4386848	17152	0	0
4387504	17152	0	0
4388160	17152	0	0
4388816	17152	0	0
4389472	17152	0	0
4390128	17152	0	0
4390784	17152	0	0
4391440	17152	0	0
4392096	17152	0	0
4392752	17152	0	0
4393408	17152	0	0
4394064	17152	0	0
4394720	17152	0	0
4395376	17152	0	0
4396032	17152	0	0
4396688	17152	0	0
4397344	17152	0	0
4398000	17152	0	0
4398656	17152	0	0
4399312	17152	0	0
4399968	17152	0	0
4400624	17152	0	0
4401280	17152	0	0
4401936	17152	0	0
4402592	17152	0	0
4403248	17152	0	0
4403904	17152	0	0
4404560	17152	0	0
4405216	17152	0	0
4405872	17152	0	0
4406528	17152	0	0
4407184	17152	0	0
4407840	17152	0	0
4408496	17152	0	0
4409152	17152	0	0
4409808	17152	0	0
4410464	17152	0	0
4411120	17152	0	0
4411776	17152	0	0
4412432	17152	0	0
4413088	17152	0	0
4413744	17152	0	0
4414400	17152	0	0
4415056	17152	0	0
4415712	17152	0	0
4416368	17152	0	0
4417024	17152	0	0
4417680	17152	0	0
4418336	17152	0	0
4418992	17152	0	0
4419648	17152	0	0
4420304	17152	0	0
4420960	17152	0	0
4421616	17152	0	0
4422272	17152	0	0
4422928	17152	0	0
4423584	17152	0	0
4424240	17152	0	0
4424896	17152	0	0
4425552	17152	0	0
4426208	17152	0	0
4426864	17152	0	0
4427520	17152	0	0
4428176	17152	0	0
4428832	17152	0	0
4429488	17152	0	0
4430144	17152	0	0
4430800	17152	0	0
4431456	17152	0	0
4432112	17152	0	0
4432768	17152	0	0
4433424	17152	0	0
4434080	17152	0	0
4434736	17152	0	0
4435392	17152	0	0
4436048	17152	0	0
4436704	17152	0	0
4437360	17152	0	0
4438016	17152	0	0
4438672	17152	0	0
4439328	17152	0	0
4439984	17152	0	0
4440640	17152	0	0
4441296	17152	0	0
4441952	17152	0	0
4442608	17152	0	0
4443264	17152	0	0
4443920	17152	0	0
4444576	17152	0	0
4445232	17152	0	0
4445888	17152	0	0
4446544	17152	0	0
4447200	17152	0	0
4447856	17152	0	0
4448512	17152	0	0
4449168	17152	0	0
4449824	17152	0	0
4450480	17152	0	0
4451136	17152	0	0
4451792	17152	0	0
4452448	17152	0	0
4453104	17152	0	0
4453760	17152	0	0
4454416	17152	0	0
4455072	17152	0	0
4455728	17152	0	0
4456384	17152	0	0
4457040	17152	0	0
4457696	17152	0	0
4458352	17152	0	0
4459008	17152	0	0
4459664	17152	0	0
4460320	17152	0	0
4460976	17152	0	0
4461632	17152	0	0
4462288	17152	0	0
4462944	17152	0	0
4463600	17152	0	0
4464256	17152	0	0
4464912	17152	0	0
4465568	17152	0	0
4466224	17152	0	0
4466880	17152	0	0
4467536	17152	0	0
4468192	17152	0	0
4468848	17152	0	0
4469504	17152	0	0
4470160	17152	0	0
4470816	17152	0	0
4471472	17152	0	0
4472128	17152	0	0
4472784	17152	0	0
4473440	17152	0	0
4474096	17152	0	0
4474752	17152	0	0
4475408	17152	0	0
4476064	17152	0	0
4476720	17152	0	0
4477376	17152	0	0
4478032	17152	0	0
4478688	17152	0	0
4479344	17152	0	0
4480000	17152	0	0
4480656	17152	0	0
4481312	17152	0	0
4481968	17152	0	0
4482624	17152	0	0
4483280	17152	0	0
4483936	17152	0	0
4484592	17152	0	0
4485248	17152	0	0
4485904	17152	0	0
4486560	17152	0	0
4487216	17152	0	0
4487872	17152	0	0
4488528	17152	0	0
4489184	17152	0	0
4489840	17152	0	0
4490496	17152	0	0
4491152	17152	0	0
4491808	17152	0	0
4492464	17152	0	0
4493120	17152	0	0
4493776	17152	0	0
4494432	17152	0	0
4495088	17152	0	0
4495744	17152	0	0
4496400	17152	0	0
4497056	17152	0	0
4497712	17152	0	0
4498368	17152	0	0
4499024	17152	0	0
4499680	17152	0	0
4500336	17152	0	0
4500992	17152	0	0
4501648	17152	0	0
4502304	17152	0	0
4502960	17152	0	0
4503616	17152	0	0
4504272	17152	0	0
4504928	17152	0	0
4505584	17152	0	0
4506240	17152	0	0
4506896	17152	0	0
4507552	17152	0	0
4508208	17152	0	0
4508864	17152	0	0
4509520	17152	0	0
4510176	17152	0	0
4510832	17152	0	0
4511488	17152	0	0
4512144	17152	0	0
4512800	17152	0	0
4513456	17152	0	0
4514112	17152	0	0
4514768	17152	0	0
4515424	17152	0	0
4516080	17152	0	0
4516736	17152	0	0
4517392	17152	0	0
4518048	17152	0	0
4518704	17152	0	0
4519360	17152	0	0
4520016	17152	0	0
4520672	17152	0	0
4521328	17152	0	0
4521984	17152	0	0
4522640	17152	0	0
4523296	17152	0	0
4523952	17152	0	0
4524608	17152	0	0
4525264	17152	0	0
4525920	17152	0	0
4526576	17152	0	0
4527232	17152	0	0
4527888	17152	0	0
4528544	17152	0	0
4529200	17152	0	0
4529856	17152	0	0
4530512	17152	0	0
4531168	17152	0	0
4531824	17152	0	0
4532480	17152	0	0
4533136	17152	0	0
4533792	17152	0	0
4534448	17152	0	0
4535104	17152	0	0
4535760	17152	0	0
4536416	17152	0	0
4537072	17152	0	0
4537728	17152	0	0
4538384	17152	0	0
4539040	17152	0	0
4539696	17152	0	0
4540352	17152	0	0
4541008	17152	0	0
4541664	17152	0	0
4542320	17152	0	0
4542976	17152	0	0
4543632	17152	0	0
4544288	17152	0	0
4544944	17152	0	0
4545600	17152	0	0
4546256	17152	0	0
4546912	17152	0	0
4547568	17152	0	0
4548224	17152	0	0
4548880	17152	0	0
4549536	17152	0	0
4550192	17152	0	0
4550848	17152	0	0
4551504	17152	0	0
4552160	17152	0	0
4552816	17152	0	0
4553472	17152	0	0
4554128	17152	0	0
4554784	17152	0	0
4555440	17152	0	0
4556096	17152	0	0
4556752	17152	0	0
4557408	17152	0	0
4558064	17152	0	0
4558720	17152	0	0
4559376	17152	0	0
4560032	17152	0	0
4560688	17152	0	0
4561344	17152	0	0
4562000	17152	0	0
4562656	17152	0	0
4563312	17152	0	0
4563968	17152	0	0
4564624	17152	0	0
4565280	17152	0	0
4565936	17152	0	0
4566592	17152	0	0
4567248	17152	0	0
4567904	17152	0	0
4568560	17152	0	0
4569216	17152	0	0
4569872	17152	0	0
4570528	17152	0	0
4571184	17152	0	0
4571840	17152	0	0
4572496	17152	0	0
4573152	17152	0	0
4573808	17152	0	0
4574464	17152	0	0
4575120	17152	0	0
4575776	17152	0	0
4576432	17152	0	0
4577088	17152	0	0
4577744	17152	0	0
4578400	17152	0	0
4579056	17152	0	0
4579712	17152	0	0
4580368	17152	0	0
4581024	17152	0	0
4581680	17152	0	0
4582336	17152	0	0
4582992	17152	0	0
4583648	17152	0	0
4584304	17152	0	0
4584960	17152	0	0
4585616	17152	0	0
4586272	17152	0	0
4586928	17152	0	0
4587584	17152	0	0
4588240	17152	0	0
4588896	17152	0	0
4589552	17152	0	0
4590208	17152	0	0
4590864	17152	0	0
4591520	17152	0	0
4592176	17152	0	0
4592832	17152	0	0
4593488	17152	0	0
4594144	17152	0	0
4594800	17152	0	0
4595456	17152	0	0
4596112	17152	0	0
4596768	17152	0	0
4597424	17152	0	0
4598080	17152	0	0
4598736	17152	0	0
4599392	17152	0	0
4600048	17152	0	0
4600704	17152	0	0
4601360	17152	0	0
4602016	17152	0	0
4602672	17152	0	0
4603328	17152	0	0
4603984	17152	0	0
4604640	17152	0	0
4605296	17152	0	0
4605952	17152	0	0
4606608	17152	0	0
4607264	17152	0	0
4607920	17152	0	0
4608576	17152	0	0
4609232	17152	0	0
4609888	17152	0	0
4610544	17152	0	0
4611200	17152	0	0
4611856	17152	0	0
4612512	17152	0	0
4613168	17152	0	0
4613824	17152	0	0
4614480	17152	0	0
4615136	17152	0	0
4615792	17152	0	0
4616448	17152	0	0
4617104	17152	0	0
4617760	17152	0	0
4618416	17152	0	0
4619072	17152	0	0
4619728	17152	0	0
4620384	17152	0	0
4621040	17152	0	0
4621696	17152	0	0
4622352	17152	0	0
4623008	17152	0	0
4623664	17152	0	0
4624320	17152	0	0
4624976	17152	0	0
4625632	17152	0	0
4626288	17152	0	0
4626944	17152	0	0
4627600	17152	0	0
4628256	17152	0	0
4628912	17152	0	0
4629568	17152	0	0
4630224	17152	0	0
4630880	17152	0	0
4631536	17152	0	0
4632192	17152	0	0
4632848	17152	0	0
4633504	17152	0	0
4634160	17152	0	0
4634816	17152	0	0
4635472	17152	0	0
4636128	17152	0	0
4636784	17152	0	0
4637440	17152	0	0
4638096	17152	0	0
4638752	17152	0	0
4639408	17152	0	0
4640064	17152	0	0
4640720	17152	0	0
4641376	17152	0	0
4642032	17152	0	0
4642688	17152	0	0
4643344	17152	0	0
4644000	17152	0	0
4644656	17152	0	0
4645312	17152	0	0
4645968	17152	0	0
4646624	17152	0	0
4647280	17152	0	0
4647936	17152	0	0
4648592	17152	0	0
4649248	17152	0	0
4649904	17152	0	0
4650560	17152	0	0
4651216	17152	0	0
4651872	17152	0	0
4652528	17152	0	0
4653184	17152	0	0
4653840	17152	0	0
4654496	17152	0	0
4655152	17152	0	0
4655808	17152	0	0
4656464	17152	0	0
4657120	17152	0	0
4657776	17152	0	0
4658432	17152	0	0
4659088	17152	0	0
4659744	17152	0	0
4660400	17152	0	0
4661056	17152	0	0
4661712	17152	0	0
4662368	17152	0	0
4663024	17152	0	0
4663680	17152	0	0
4664336	17152	0	0
4664992	17152	0	0
4665648	17152	0	0
4666304	17152	0	0
4666960	17152	0	0
4667616	17152	0	0
4668272	17152	0	0
4668928	17152	0	0
4669584	17152	0	0
4670240	17152	0	0
4670896	17152	0	0
4671552	17152	0	0
4672208	17152	0	0
4672864	17152	0	0
4673520	17152	0	0
4674176	17152	0	0
4674832	17152	0	0
4675488	17152	0	0
4676144	17152	0	0
4676800	17152	0	0
4677456	17152	0	0
4678112	17152	0	0
4678768	17152	0	0
4679424	17152	0	0
4680080	17152	0	0
4680736	17152	0	0
4681392	17152	0	0
4682048	17152	0	0
4682704	17152	0	0
4683360	17152	0	0
4684016	17152	0	0
4684672	17152	0	0
4685328	17152	0	0
4685984	17152	0	0
4686640	17152	0	0
4687296	17152	0	0
4687952	17152	0	0
4688608	17152	0	0
4689264	17152	0	0
4689920	17152	0	0
4690576	17152	0	0
4691232	17152	0	0
4691888	17152	0	0
4692544	17152	0	0
4693200	17152	0	0
4693856	17152	0	0
4694512	17152	0	0
4695168	17152	0	0
4695824	17152	0	0
4696480	17152	0	0
4697136	17152	0	0
4697792	17152	0	0
4698448	17152	0	0
4699104	17152	0	0
4699760	17152	0	0
4700416	17152	0	0
4701072	17152	0	0
4701728	17152	0	0
4702384	17152	0	0
4703040	17152	0	0
4703696	17152	0	0
4704352	17152	0	0
4705008	17152	0	0
4705664	17152	0	0
4706320	17152	0	0
4706976	17152	0	0
4707632	17152	0	0
4708288	17152	0	0
4708944	17152	0	0
4709600	17152	0	0
4710256	17152	0	0
4710912	17152	0	0
4711568	17152	0	0
4712224	17152	0	0
4712880	17152	0	0
4713536	17152	0	0
4714192	17152	0	0
4714848	17152	0	0
4715504	17152	0	0
4716160	17152	0	0
4716816	17152	0	0
4717472	17152	0	0
4718128	17152	0	0
4718784	17152	0	0
4719440	17152	0	0
4720096	17152	0	0
4720752	17152	0	0
4721408	17152	0	0
4722064	17152	0	0
4722720	17152	0	0
4723376	17152	0	0
4724032	17152	0	0
4724688	17152	0	0
4725344	17152	0	0
4726000	17152	0	0
4726656	17152	0	0
4727312	17152	0	0
4727968	17152	0	0
4728624	17152	0	0
4729280	17152	0	0
4729936	17152	0	0
4730592	17152	0	0
4731248	17152	0	0
4731904	17152	0	0
4732560	17152	0	0
4733216	17152	0	0
4733872	17152	0	0
4734528	17152	0	0
4735184	17152	0	0
4735840	17152	0	0
4736496	17152	0	0
4737152	17152	0	0
4737808	17152	0	0
4738464	17152	0	0
4739120	17152	0	0
4739776	17152	0	0
4740432	17152	0	0
4741088	17152	0	0
4741744	17152	0	0
4742400	17152	0	0
4743056	17152	0	0
4743712	17152	0	0
4744368	17152	0	0
4745024	17152	0	0
4745680	17152	0	0
4746336	17152	0	0
4746992	17152	0	0
4747648	17152	0	0
4748304	17152	0	0
4748960	17152	0	0
4749616	17152	0	0
4750272	17152	0	0
4750928	17152	0	0
4751584	17152	0	0
4752240	17152	0	0
4752896	17152	0	0
4753552	17152	0	0
4754208	17152	0	0
4754864	17152	0	0
4755520	17152	0	0
4756176	17152	0	0
4756832	17152	0	0
4757488	17152	0	0
4758144	17152	0	0
4758800	17152	0	0
4759456	17152	0	0
4760112	17152	0	0
4760768	17152	0	0
4761424	17152	0	0
4762080	17152	0	0
4762736	17152	0	0
4763392	17152	0	0
4764048	17152	0	0
4764704	17152	0	0
4765360	17152	0	0
4766016	17152	0	0
4766672	17152	0	0
4767328	17152	0	0
4767984	17152	0	0
4768640	17152	0	0
4769296	17152	0	0
4769952	17152	0	0
4770608	17152	0	0
4771264	17152	0	0
4771920	17152	0	0
4772576	17152	0	0
4773232	17152	0	0
4773888	17152	0	0
4774544	17152	0	0
4775200	17152	0	0
4775856	17152	0	0
4776512	17152	0	0
4777168	17152	0	0
4777824	17152	0	0
4778480	17152	0	0
4779136	17152	0	0
4779792	17152	0	0
4780448	17152	0	0
4781104	17152	0	0
4781760	17152	0	0
4782416	17152	0	0
4783072	17152	0	0
4783728	17152	0	0
4784384	17152	0	0
4785040	17152	0	0
4785696	17152	0	0
4786352	17152	0	0
4787008	17152	0	0
4787664	17152	0	0
4788320	17152	0	0
4788976	17152	0	0
4789632	17152	0	0
4790288	17152	0	0
4790944	17152	0	0
4791600	17152	0	0
4792256	17152	0	0
4792912	17152	0	0
4793568	17152	0	0
4794224	17152	0	0
4794880	17152	0	0
4795536	17152	0	0
4796192	17152	0	0
4796848	17152	0	0
4797504	17152	0	0
4798160	17152	0	0
4798816	17152	0	0
4799472	17152	0	0
4800128	17152	0	0
4800784	17152	0	0
4801440	17152	0	0
4802096	17152	0	0
4802752	17152	0	0
4803408	17152	0	0
4804064	17152	0	0
4804720	17152	0	0
4805376	17152	0	0
4806032	17152	0	0
4806688	17152	0	0
4807344	17152	0	0
4808000	17152	0	0
4808656	17152	0	0
4809312	17152	0	0
4809968	17152	0	0
4810624	17152	0	0
4811280	17152	0	0
4811936	17152	0	0
4812592	17152	0	0
4813248	17152	0	0
4813904	17152	0	0
4814560	17152	0	0
4815216	17152	0	0
4815872	17152	0	0
4816528	17152	0	0
4817184	17152	0	0
4817840	17152	0	0
4818496	17152	0	0
4819152	17152	0	0
4819808	17152	0	0
4820464	17152	0	0
4821120	17152	0	0
4821776	17152	0	0
4822432	17152	0	0
4823088	17152	0	0
4823744	17152	0	0
4824400	17152	0	0
4825056	17152	0	0
4825712	17152	0	0
4826368	17152	0	0
4827024	17152	0	0
4827680	17152	0	0
4828336	17152	0	0
4828992	17152	0	0
4829648	17152	0	0
4830304	17152	0	0
4830960	17152	0	0
4831616	17152	0	0
4832272	17152	0	0
4832928	17152	0	0
4833584	17152	0	0
4834240	17152	0	0
4834896	17152	0	0
4835552	17152	0	0
4836208	17152	0	0
4836864	17152	0	0
4837520	17152	0	0
4838176	17152	0	0
4838832	17152	0	0
4839488	17152	0	0
4840144	17152	0	0
4840800	17152	0	0
4841456	17152	0	0
4842112	17152	0	0
4842768	17152	0	0
4843424	17152	0	0
4844080	17152	0	0
4844736	17152	0	0
4845392	17152	0	0
4846048	17152	0	0
4846704	17152	0	0
4847360	17152	0	0
4848016	17152	0	0
4848672	17152	0	0
4849328	17152	0	0
4849984	17152	0	0
4850640	17152	0	0
4851296	17152	0	0
4851952	17152	0	0
4852608	17152	0	0
4853264	17152	0	0
4853920	17152	0	0
4854576	17152	0	0
4855232	17152	0	0
4855888	17152	0	0
4856544	17152	0	0
4857200	17152	0	0
4857856	17152	0	0
4858512	17152	0	0
4859168	17152	0	0
4859824	17152	0	0
4860480	17152	0	0
4861136	17152	0	0
4861792	17152	0	0
4862448	17152	0	0
4863104	17152	0	0
4863760	17152	0	0
4864416	17152	0	0
4865072	17152	0	0
4865728	17152	0	0
4866384	17152	0	0
4867040	17152	0	0
4867696	17152	0	0
4868352	17152	0	0
4869008	17152	0	0
4869664	17152	0	0
4870320	17152	0	0
4870976	17152	0	0
4871632	17152	0	0
4872288	17152	0	0
4872944	17152	0	0
4873600	17152	0	0
4874256	17152	0	0
4874912	17152	0	0
4875568	17152	0	0
4876224	17152	0	0
4876880	17152	0	0
4877536	17152	0	0
4878192	17152	0	0
4878848	17152	0	0
4879504	17152	0	0
4880160	17152	0	0
4880816	17152	0	0
4881472	17152	0	0
4882128	17152	0	0
4882784	17152	0	0
4883440	17152	0	0
4884096	17152	0	0
4884752	17152	0	0
4885408	17152	0	0
4886064	17152	0	0
4886720	17152	0	0
4887376	17152	0	0
4888032	17152	0	0
4888688	17152	0	0
4889344	17152	0	0
4890000	17152	0	0
4890656	17152	0	0
4891312	17152	0	0
4891968	17152	0	0
4892624	17152	0	0
4893280	17152	0	0
4893936	17152	0	0
4894592	17152	0	0
4895248	17152	0	0
4895904	17152	0	0
4896560	17152	0	0
4897216	17152	0	0
4897872	17152	0	0
4898528	17152	0	0
4899184	17152	0	0
4899840	17152	0	0
4900496	17152	0	0
4901152	17152	0	0
4901808	17152	0	0
4902464	17152	0	0
4903120	17152	0	0
4903776	17152	0	0
4904432	17152	0	0
4905088	17152	0	0
4905744	17152	0	0
4906400	17152	0	0
4907056	17152	0	0
4907712	17152	0	0
4908368	17152	0	0
4909024	17152	0	0
4909680	17152	0	0
4910336	17152	0	0
4910992	17152	0	0
4911648	17152	0	0
4912304	17152	0	0
4912960	17152	0	0
4913616	17152	0	0
4914272	17152	0	0
4914928	17152	0	0
4915584	17152	0	0
4916240	17152	0	0
4916896	17152	0	0
4917552	17152	0	0
4918208	17152	0	0
4918864	17152	0	0
4919520	17152	0	0
4920176	17152	0	0
4920832	17152	0	0
4921488	17152	0	0
4922144	17152	0	0
4922800	17152	0	0
4923456	17152	0	0
4924112	17152	0	0
4924768	17152	0	0
4925424	17152	0	0
4926080	17152	0	0
4926736	17152	0	0
4927392	17152	0	0
4928048	17152	0	0
4928704	17152	0	0
4929360	17152	0	0
4930016	17152	0	0
4930672	17152	0	0
4931328	17152	0	0
4931984	17152	0	0
4932640	17152	0	0
4933296	17152	0	0
4933952	17152	0	0
4934608	17152	0	0
4935264	17152	0	0
4935920	17152	0	0
4936576	17152	0	0
4937232	17152	0	0
4937888	17152	0	0
4938544	17152	0	0
4939200	17152	0	0
4939856	17152	0	0
4940512	17152	0	0
4941168	17152	0	0
4941824	17152	0	0
4942480	17152	0	0
4943136	17152	0	0
4943792	17152	0	0
4944448	17152	0	0
4945104	17152	0	0
4945760	17152	0	0
4946416	17152	0	0
4947072	17152	0	0
4947728	17152	0	0
4948384	17152	0	0
4949040	17152	0	0
4949696	17152	0	0
4950352	17152	0	0
4951008	17152	0	0
4951664	17152	0	0
4952320	17152	0	0
4952976	17152	0	0
4953632	17152	0	0
4954288	17152	0	0
4954944	17152	0	0
4955600	17152	0	0
4956256	17152	0	0
4956912	17152	0	0
4957568	17152	0	0
4958224	17152	0	0
4958880	17152	0	0
4959536	17152	0	0
4960192	17152	0	0
4960848	17152	0	0
4961504	17152	0	0
4962160	17152	0	0
4962816	17152	0	0
4963472	17152	0	0
4964128	17152	0	0
4964784	17152	0	0
4965440	17152	0	0
4966096	17152	0	0
4966752	17152	0	0
4967408	17152	0	0
4968064	17152	0	0
4968720	17152	0	0
4969376	17152	0	0
4970032	17152	0	0
4970688	17152	0	0
4971344	17152	0	0
4972000	17152	0	0
4972656	17152	0	0
4973312	17152	0	0
4973968	17152	0	0
4974624	17152	0	0
4975280	17152	0	0
4975936	17152	0	0
4976592	17152	0	0
4977248	17152	0	0
4977904	17152	0	0
4978560	17152	0	0
4979216	17152	0	0
4979872	17152	0	0
4980528	17152	0	0
4981184	17152	0	0
4981840	17152	0	0
4982496	17152	0	0
4983152	17152	0	0
4983808	17152	0	0
4984464	17152	0	0
4985120	17152	0	0
4985776	17152	0	0
4986432	17152	0	0
4987088	17152	0	0
4987744	17152	0	0
4988400	17152	0	0
4989056	17152	0	0
4989712	17152	0	0
4990368	17152	0	0
4991024	17152	0	0
4991680	17152	0	0
4992336	17152	0	0
4992992	17152	0	0
4993648	17152	0	0
4994304	17152	0	0
4994960	17152	0	0
4995616	17152	0	0
4996272	17152	0	0
4996928	17152	0	0
4997584	17152	0	0
4998240	17152	0	0
4998896	17152	0	0
4999552	17152	0	0
5000208	17152	0	0
5000864	17152	0	0
5001520	17152	0	0
5002176	17152	0	0
5002832	17152	0	0
5003488	17152	0	0
5004144	17152	0	0
5004800	17152	0	0
5005456	17152	0	0
5006112	17152	0	0
5006768	17152	0	0
5007424	17152	0	0
5008080	17152	0	0
5008736	17152	0	0
5009392	17152	0	0
5010048	17152	0	0
5010704	17152	0	0
5011360	17152	0	0
5012016	17152	0	0
5012672	17152	0	0
5013328	17152	0	0
5013984	17152	0	0
5014640	17152	0	0
5015296	17152	0	0
5015952	17152	0	0
5016608	17152	0	0
5017264	17152	0	0
5017920	17152	0	0
5018576	17152	0	0
5019232	17152	0	0
5019888	17152	0	0
5020544	17152	0	0
5021200	17152	0	0
5021856	17152	0	0
5022512	17152	0	0
5023168	17152	0	0
5023824	17152	0	0
5024480	17152	0	0
5025136	17152	0	0
5025792	17152	0	0
5026448	17152	0	0
5027104	17152	0	0
5027760	17152	0	0
5028416	17152	0	0
5029072	17152	0	0
5029728	17152	0	0
5030384	17152	0	0
5031040	17152	0	0
5031696	17152	0	0
5032352	17152	0	0
5033008	17152	0	0
5033664	17152	0	0
5034320	17152	0	0
5034976	17152	0	0
5035632	17152	0	0
5036288	17152	0	0
5036944	17152	0	0
5037600	17152	0	0
5038256	17152	0	0
5038912	17152	0	0
5039568	17152	0	0
5040224	17152	0	0
5040880	17152	0	0
5041536	17152	0	0
5042192	17152	0	0
5042848	17152	0	0
5043504	17152	0	0
5044160	17152	0	0
5044816	17152	0	0
5045472	17152	0	0
5046128	17152	0	0
5046784	17152	0	0
5047440	17152	0	0
5048096	17152	0	0
5048752	17152	0	0
5049408	17152	0	0
5050064	17152	0	0
5050720	17152	0	0
5051376	17152	0	0
5052032	17152	0	0
5052688	17152	0	0
5053344	17152	0	0
5054000	17152	0	0
5054656	17152	0	0
5055312	17152	0	0
5055968	17152	0	0
5056624	17152	0	0
5057280	17152	0	0
5057936	17152	0	0
5058592	17152	0	0
5059248	17152	0	0
5059904	17152	0	0
5060560	17152	0	0
5061216	17152	0	0
5061872	17152	0	0
5062528	17152	0	0
5063184	17152	0	0
5063840	17152	0	0
5064496	17152	0	0
5065152	17152	0	0
5065808	17152	0	0
5066464	17152	0	0
5067120	17152	0	0
5067776	17152	0	0
5068432	17152	0	0
5069088	17152	0	0
5069744	17152	0	0
5070400	17152	0	0
5071056	17152	0	0
5071712	17152	0	0
5072368	17152	0	0
5073024	17152	0	0
5073680	17152	0	0
5074336	17152	0	0
5074992	17152	0	0
5075648	17152	0	0
5076304	17152	0	0
5076960	17152	0	0
5077616	17152	0	0
5078272	17152	0	0
5078928	17152	0	0
5079584	17152	0	0
5080240	17152	0	0
5080896	17152	0	0
5081552	17152	0	0
5082208	17152	0	0
5082864	17152	0	0
5083520	17152	0	0
5084176	17152	0	0
5084832	17152	0	0
5085488	17152	0	0
5086144	17152	0	0
5086800	17152	0	0
5087456	17152	0	0
5088112	17152	0	0
5088768	17152	0	0
5089424	17152	0	0
5090080	17152	0	0
5090736	17152	0	0
5091392	17152	0	0
5092048	17152	0	0
5092704	17152	0	0
5093360	17152	0	0
5094016	17152	0	0
5094672	17152	0	0
5095328	17152	0	0
5095984	17152	0	0
5096640	17152	0	0
5097296	17152	0	0
5097952	17152	0	0
5098608	17152	0	0
5099264	17152	0	0
5099920	17152	0	0
5100576	17152	0	0
5101232	17152	0	0
5101888	17152	0	0
5102544	17152	0	0
5103200	17152	0	0
5103856	17152	0	0
5104512	17152	0	0
5105168	17152	0	0
5105824	17152	0	0
5106480	17152	0	0
5107136	17152	0	0
5107792	17152	0	0
5108448	17152	0	0
5109104	17152	0	0
5109760	17152	0	0
5110416	17152	0	0
5111072	17152	0	0
5111728	17152	0	0
5112384	17152	0	0
5113040	17152	0	0
5113696	17152	0	0
5114352	17152	0	0
5115008	17152	0	0
5115664	17152	0	0
5116320	17152	0	0
5116976	17152	0	0
5117632	17152	0	0
5118288	17152	0	0
5118944	17152	0	0
5119600	17152	0	0
5120256	17152	0	0
5120912	17152	0	0
5121568	17152	0	0
5122224	17152	0	0
5122880	17152	0	0
5123536	17152	0	0
5124192	17152	0	0
5124848	17152	0	0
5125504	17152	0	0
5126160	17152	0	0
5126816	17152	0	0
5127472	17152	0	0
5128128	17152	0	0
5128784	17152	0	0
5129440	17152	0	0
5130096	17152	0	0
5130752	17152	0	0
5131408	17152	0	0
5132064	17152	0	0
5132720	17152	0	0
5133376	17152	0	0
5134032	17152	0	0
5134688	17152	0	0
5135344	17152	0	0
5136000	17152	0	0
5136656	17152	0	0
5137312	17152	0	0
5137968	17152	0	0
5138624	17152	0	0
5139280	17152	0	0
5139936	17152	0	0
5140592	17152	0	0
5141248	17152	0	0
5141904	17152	0	0
5142560	17152	0	0
5143216	17152	0	0
5143872	17152	0	0
5144528	17152	0	0
5145184	17152	0	0
5145840	17152	0	0
5146496	17152	0	0
5147152	17152	0	0
5147808	17152	0	0
5148464	17152	0	0
5149120	17152	0	0
5149776	17152	0	0
5150432	17152	0	0
5151088	17152	0	0
5151744	17152	0	0
5152400	17152	0	0
5153056	17152	0	0
5153712	17152	0	0
5154368	17152	0	0
5155024	17152	0	0
5155680	17152	0	0
5156336	17152	0	0
5156992	17152	0	0
5157648	17152	0	0
5158304	17152	0	0
5158960	17152	0	0
5159616	17152	0	0
5160272	17152	0	0
5160928	17152	0	0
5161584	17152	0	0
5162240	17152	0	0
5162896	17152	0	0
5163552	17152	0	0
5164208	17152	0	0
5164864	17152	0	0
5165520	17152	0	0
5166176	17152	0	0
5166832	17152	0	0
5167488	17152	0	0
5168144	17152	0	0
5168800	17152	0	0
5169456	17152	0	0
5170112	17152	0	0
5170768	17152	0	0
5171424	17152	0	0
5172080	17152	0	0
5172736	17152	0	0
5173392	17152	0	0
5174048	17152	0	0
5174704	17152	0	0
5175360	17152	0	0
5176016	17152	0	0
5176672	17152	0	0
5177328	17152	0	0
5177984	17152	0	0
5178640	17152	0	0
5179296	17152	0	0
5179952	17152	0	0
5180608	17152	0	0
5181264	17152	0	0
5181920	17152	0	0
5182576	17152	0	0
5183232	17152	0	0
5183888	17152	0	0
5184544	17152	0	0
5185200	17152	0	0
5185856	17152	0	0
5186512	17152	0	0
5187168	17152	0	0
5187824	17152	0	0
5188480	17152	0	0
5189136	17152	0	0
5189792	17152	0	0
5190448	17152	0	0
5191104	17152	0	0
5191760	17152	0	0
5192416	17152	0	0
5193072	17152	0	0
5193728	17152	0	0
5194384	17152	0	0
5195040	17152	0	0
5195696	17152	0	0
5196352	17152	0	0
5197008	17152	0	0
5197664	17152	0	0
5198320	17152	0	0
5198976	17152	0	0
5199632	17152	0	0
5200288	17152	0	0
5200944	17152	0	0
5201600	17152	0	0
5202256	17152	0	0
5202912	17152	0	0
5203568	17152	0	0
5204224	17152	0	0
5204880	17152	0	0
5205536	17152	0	0
5206192	17152	0	0
5206848	17152	0	0
5207504	17152	0	0
5208160	17152	0	0
5208816	17152	0	0
5209472	17152	0	0
5210128	17152	0	0
5210784	17152	0	0
5211440	17152	0	0
5212096	17152	0	0
5212752	17152	0	0
5213408	17152	0	0
5214064	17152	0	0
5214720	17152	0	0
5215376	17152	0	0
5216032	17152	0	0
5216688	17152	0	0
5217344	17152	0	0
5218000	17152	0	0
5218656	17152	0	0
5219312	17152	0	0
5219968	17152	0	0
5220624	17152	0	0
5221280	17152	0	0
5221936	17152	0	0
5222592	17152	0	0
5223248	17152	0	0
5223904	17152	0	0
5224560	17152	0	0
5225216	17152	0	0
5225872	17152	0	0
5226528	17152	0	0
5227184	17152	0	0
5227840	17152	0	0
5228496	17152	0	0
5229152	17152	0	0
5229808	17152	0	0
5230464	17152	0	0
5231120	17152	0	0
5231776	17152	0	0
5232432	17152	0	0
5233088	17152	0	0
5233744	17152	0	0
5234400	17152	0	0
5235056	17152	0	0
5235712	17152	0	0
5236368	17152	0	0
5237024	17152	0	0
5237680	17152	0	0
5238336	17152	0	0
5238992	17152	0	0
5239648	17152	0	0
5240304	17152	0	0
5240960	17152	0	0
5241616	17152	0	0
5242272	17152	0	0
5242928	17152	0	0
5243584	17152	0	0
5244240	17152	0	0
5244896	17152	0	0
5245552	17152	0	0
5246208	17152	0	0
5246864	17152	0	0
5247520	17152	0	0
5248176	17152	0	0
5248832	17152	0	0
5249488	17152	0	0
5250144	17152	0	0
5250800	17152	0	0
5251456	17152	0	0
5252112	17152	0	0
5252768	17152	0	0
5253424	17152	0	0
5254080	17152	0	0
5254736	17152	0	0
5255392	17152	0	0
5256048	17152	0	0
5256704	17152	0	0
5257360	17152	0	0
5258016	17152	0	0
5258672	17152	0	0
5259328	17152	0	0
5259984	17152	0	0
5260640	17152	0	0
5261296	17152	0	0
5261952	17152	0	0
5262608	17152	0	0
5263264	17152	0	0
5263920	17152	0	0
5264576	17152	0	0
5265232	17152	0	0
5265888	17152	0	0
5266544	17152	0	0
5267200	17152	0	0
5267856	17152	0	0
5268512	17152	0	0
5269168	17152	0	0
5269824	17152	0	0
5270480	17152	0	0
5271136	17152	0	0
5271792	17152	0	0
5272448	17152	0	0
5273104	17152	0	0
5273760	17152	0	0
5274416	17152	0	0
5275072	17152	0	0
5275728	17152	0	0
5276384	17152	0	0
5277040	17152	0	0
5277696	17152	0	0
5278352	17152	0	0
5279008	17152	0	0
5279664	17152	0	0
5280320	17152	0	0
5280976	17152	0	0
5281632	17152	0	0
5282288	17152	0	0
5282944	17152	0	0
5283600	17152	0	0
5284256	17152	0	0
5284912	17152	0	0
5285568	17152	0	0
5286224	17152	0	0
5286880	17152	0	0
5287536	17152	0	0
5288192	17152	0	0
5288848	17152	0	0
5289504	17152	0	0
5290160	17152	0	0
5290816	17152	0	0
5291472	17152	0	0
5292128	17152	0	0
5292784	17152	0	0
5293440	17152	0	0
5294096	17152	0	0
5294752	17152	0	0
5295408	17152	0	0
5296064	17152	0	0
5296720	17152	0	0
5297376	17152	0	0
5298032	17152	0	0
5298688	17152	0	0
5299344	17152	0	0
5300000	17152	0	0
5300656	17152	0	0
5301312	17152	0	0
5301968	17152	0	0
5302624	17152	0	0
5303280	17152	0	0
5303936	17152	0	0
5304592	17152	0	0
5305248	17152	0	0
5305904	17152	0	0
5306560	17152	0	0
5307216	17152	0	0
5307872	17152	0	0
5308528	17152	0	0
5309184	17152	0	0
5309840	17152	0	0
5310496	17152	0	0
5311152	17152	0	0
5311808	17152	0	0
5312464	17152	0	0
5313120	17152	0	0
5313776	17152	0	0
5314432	17152	0	0
5315088	17152	0	0
5315744	17152	0	0
5316400	17152	0	0
5317056	17152	0	0
5317712	17152	0	0
5318368	17152	0	0
5319024	17152	0	0
5319680	17152	0	0
5320336	17152	0	0
5320992	17152	0	0
5321648	17152	0	0
5322304	17152	0	0
5322960	17152	0	0
5323616	17152	0	0
5324272	17152	0	0
5324928	17152	0	0
5325584	17152	0	0
5326240	17152	0	0
5326896	17152	0	0
5327552	17152	0	0
5328208	17152	0	0
5328864	17152	0	0
5329520	17152	0	0
5330176	17152	0	0
5330832	17152	0	0
5331488	17152	0	0
5332144	17152	0	0
5332800	17152	0	0
5333456	17152	0	0
5334112	17152	0	0
5334768	17152	0	0
5335424	17152	0	0
5336080	17152	0	0
5336736	17152	0	0
5337392	17152	0	0
5338048	17152	0	0
5338704	17152	0	0
5339360	17152	0	0
5340016	17152	0	0
