Time Stamp	Gyroscope X	Gyroscope Y	Gyroscope Z
RAW	RAW	RAW	RAW
no units	no units	no units	no units
13069880	-331	490	11
13070520	-405	478	12
13071160	-422	439	13
13071800	-368	461	-7
13072440	-347	438	-5
13073080	-304	438	-15
13073720	-286	421	-21
13074360	-295	402	-21
13075000	-299	396	-20
13075640	-266	367	-23
13076280	-235	344	-19
13076920	-212	327	-18
13077560	-181	297	-27
13078200	-151	266	-25
13078840	-142	251	-34
13079480	-127	217	-38
13080120	-91	183	-44
13080760	-66	135	-46
13081400	-33	116	-55
13082040	-11	94	-64
13082680	10	83	-67
13083320	2	69	-68
13083960	-1	45	-65
13084600	30	33	-59
13085240	60	2	-54
13085880	96	5	-56
13086520	89	-21	-65
13087160	64	-25	-70
13087800	74	-11	-76
13088440	72	-14	-78
13089080	49	-13	-77
13089720	88	-29	-76
13090360	100	-5	-82
13091000	87	20	-63
13091640	39	22	-52
13092280	7	27	-50
13092920	19	37	-40
13093560	33	61	-48
13094200	29	94	-43
13094840	-25	110	-48
13095480	-58	133	-37
13096120	-63	150	-46
13096760	-41	162	-44
13097400	-38	178	-49
13098040	-52	177	-40
13098680	-67	183	-31
13099320	-52	169	-36
13099960	-46	179	-37
13100600	-68	169	-33
13101240	-85	158	-37
13101880	-53	146	-42
13102520	-25	141	-41
13103160	-31	136	-42
13103800	-55	132	-46
13104440	-37	117	-54
13105080	-17	127	-59
13105720	-16	130	-58
13106360	-30	142	-50
13107000	-32	138	-42
13107640	-29	147	-45
13108280	-59	142	-45
13108920	-60	152	-30
13109560	-60	155	-37
13110200	-47	159	-43
13110840	-45	150	-45
13111480	-44	138	-46
13112120	-26	138	-51
13112760	-28	131	-52
13113400	-30	126	-61
13114040	-32	115	-62
13114680	-24	115	-50
13115320	-42	129	-42
13115960	-40	132	-40
13116600	-50	121	-41
13117240	-41	128	-44
13117880	-40	133	-35
13118520	-17	140	-33
13119160	-33	139	-32
13119800	-52	131	-36
13120440	-35	130	-31
13121080	-20	130	-44
13121720	-47	148	-45
13122360	-66	131	-53
13123000	-44	128	-55
13123640	-17	128	-60
13124280	-9	136	-64
13124920	-23	137	-61
13125560	-52	141	-49
13126200	-47	142	-62
13126840	-37	153	-49
13127480	-31	147	-42
13128120	-32	138	-33
13128760	-60	146	-32
13129400	-57	136	-40
13130040	-43	113	-36
13130680	-19	120	-46
13131320	-11	112	-47
13131960	-18	127	-58
13132600	-38	119	-52
13133240	-45	136	-58
13133880	-18	130	-57
13134520	-28	130	-53
13135160	-41	136	-42
13135800	-48	147	-43
13136440	-47	153	-29
13137080	-51	150	-39
13137720	-54	139	-31
13138360	-32	139	-38
13139000	-34	139	-51
13139640	-41	130	-43
13140280	-32	130	-51
13140920	-26	124	-45
13141560	-19	125	-56
13142200	-25	119	-43
13142840	-29	125	-51
13143480	-55	120	-52
13144120	-34	135	-55
13144760	-39	142	-54
13145400	-46	145	-44
13146040	-63	143	-36
13146680	-52	131	-52
13147320	-41	151	-38
13147960	-35	143	-42
13148600	-43	147	-37
13149240	-60	131	-35
13149880	-48	143	-47
13150520	-28	140	-41
13151160	-33	122	-60
13151800	-39	124	-48
13152440	-11	121	-48
13153080	-5	122	-40
13153720	-51	130	-51
13154360	-50	119	-31
13155000	-39	119	-35
13155640	-31	137	-43
13156280	-51	140	-28
13156920	-72	151	-45
13157560	-56	135	-46
13158200	-46	144	-48
13158840	-25	142	-60
13159480	-24	143	-56
13160120	-28	146	-51
13160760	-45	148	-47
13161400	-18	147	-41
13162040	-22	143	-54
13162680	-35	131	-50
13163320	-54	137	-38
13163960	-54	132	-31
13164600	-12	141	-42
13165240	-35	137	-43
13165880	-24	122	-49
13166520	-38	135	-39
13167160	-29	140	-45
13167800	-7	120	-41
13168440	14	117	-36
13169080	51	160	-24
13169720	71	155	-11
13170360	20	133	-24
13171000	9	143	-29
13171640	24	193	3
13172280	40	173	3
13172920	-218	196	43
13173560	90	41	111
13174200	527	218	-7
13174840	654	-27	-36
13175480	490	12	60
13176120	142	-224	2
13176760	-3	-324	-89
13177400	-240	-524	-184
13178040	-85	-926	-168
13178680	232	-1137	-122
13179320	662	-1336	-173
13179960	536	-1315	-137
13180600	298	-1134	-105
13181240	63	-1103	-100
13181880	163	-1048	-11
13182520	118	-1005	37
13183160	549	-960	95
13183800	1327	-940	-2
13184440	1029	-746	53
13185080	654	-321	22
13185720	229	28	31
13186360	-224	480	70
13187000	-109	876	103
13187640	-3	1356	138
13188280	-112	1723	259
13188920	-537	2018	-84
13189560	-2204	52	-256
13190200	757	-138	-217
13190840	476	-291	-61
13191480	612	162	45
13192120	-509	-34	150
13192760	-1401	-7	166
13193400	-1789	-21	108
13194040	-963	399	-1
13194680	-206	533	-112
13195320	273	139	-122
13195960	317	121	-70
13196600	-134	69	-18
13197240	-472	85	-47
13197880	-557	48	-44
13198520	-360	114	-67
13199160	-181	197	-86
13199800	-32	231	-83
13200440	16	212	-59
13201080	-84	194	-29
13201720	-182	161	-28
13202360	-168	125	-25
13203000	-48	123	-30
13203640	-7	150	-49
13204280	-32	174	-44
13204920	-99	150	-51
13205560	-86	139	-47
13206200	-79	137	-53
13206840	-44	125	-51
13207480	-55	140	-44
13208120	-66	134	-39
13208760	-78	146	-50
13209400	-82	148	-36
13210040	-69	143	-45
13210680	-54	133	-42
13211320	-43	137	-34
13211960	-41	160	-44
13212600	-49	137	-42
13213240	-64	139	-30
13213880	-52	126	-38
13214520	-29	135	-38
13215160	-3	129	-36
13215800	1	134	-44
13216440	-21	123	-63
13217080	-31	123	-54
13217720	-43	133	-52
13218360	-45	146	-50
13219000	-57	142	-46
13219640	-46	132	-42
13220280	-38	124	-42
13220920	-40	144	-46
13221560	-55	159	-44
13222200	-66	139	-36
13222840	-27	133	-46
13223480	-6	140	-45
13224120	-43	132	-40
13224760	-49	124	-46
13225400	-41	129	-48
13226040	-40	139	-46
13226680	-36	122	-40
13227320	-44	130	-36
13227960	-35	132	-42
13228600	-50	123	-49
13229240	-42	133	-44
13229880	-32	125	-48
13230520	-39	131	-60
13231160	-42	137	-50
13231800	-46	152	-58
13232440	-38	145	-61
13233080	-33	142	-41
13233720	-46	141	-43
13234360	-35	138	-52
13235000	-54	141	-40
13235640	-48	134	-35
13236280	-43	138	-41
13236920	-31	134	-42
13237560	-39	136	-41
13238200	-31	146	-42
13238840	-44	139	-43
13239480	-43	140	-50
13240120	-52	144	-46
13240760	-42	147	-49
13241400	-63	147	-40
13242040	-46	135	-49
13242680	-16	128	-49
13243320	-19	139	-40
13243960	-45	147	-41
13244600	-52	133	-43
13245240	-2	127	-37
13245880	-17	141	-41
13246520	-40	140	-28
13247160	-52	153	-60
13247800	-33	159	-53
13248440	-35	147	-43
13249080	-22	157	-37
13249720	-31	152	-51
13250360	-53	147	-43
13251000	-40	133	-38
13251640	-25	137	-42
13252280	-40	128	-47
13252920	-49	132	-43
13253560	-30	125	-47
13254200	-48	131	-51
13254840	-48	139	-49
13255480	-40	140	-51
13256120	-55	152	-48
13256760	-46	153	-40
13257400	-47	154	-48
13258040	-50	151	-35
13258680	-69	145	-41
13259320	-54	144	-39
13259960	-38	154	-34
13260600	-36	157	-44
13261240	-58	140	-38
13261880	-61	137	-39
13262520	-45	153	-52
13263160	-41	140	-48
13263800	-41	128	-44
13264440	-19	127	-58
13265080	-31	136	-58
13265720	-27	131	-54
13266360	-43	126	-44
13267000	-27	135	-50
13267640	-35	135	-52
13268280	-37	137	-51
13268920	-62	135	-54
13269560	-40	127	-51
13270200	-27	137	-45
13270840	-17	141	-45
13271480	-52	138	-39
13272120	-52	138	-35
13272760	-50	137	-45
13273400	-34	136	-32
13274040	-41	154	-34
13274680	-53	138	-47
13275320	-45	129	-55
13275960	-34	153	-62
13276600	-36	144	-54
13277240	-22	139	-66
13277880	-29	137	-58
13278520	-34	157	-49
13279160	-41	149	-41
13279800	-25	146	-50
13280440	-33	148	-42
13281080	-51	138	-33
13281720	-38	144	-33
13282360	-41	143	-35
13283000	-45	141	-29
13283640	-52	143	-28
13284280	-41	125	-40
13284920	-28	138	-47
13285560	-21	148	-47
13286200	-54	138	-51
13286840	-35	131	-53
13287480	-28	137	-52
13288120	-35	141	-44
13288760	-37	136	-50
13289400	-37	130	-42
13290040	-32	139	-51
13290680	-36	143	-31
13291320	-45	141	-42
13291960	-48	138	-53
13292600	-37	127	-47
13293240	-32	139	-39
13293880	-50	128	-38
13294520	-46	132	-37
13295160	-47	146	-40
13295800	-43	139	-48
13296440	-47	144	-50
13297080	-50	131	-42
13297720	-34	129	-39
13298360	-24	132	-49
13299000	-22	130	-59
13299640	-55	143	-53
13300280	-50	124	-49
13300920	-19	135	-45
13301560	-19	145	-48
13302200	-29	139	-32
13302840	-45	127	-43
13303480	-38	112	-33
13304120	-27	120	-41
13304760	-26	134	-42
13305400	-56	132	-46
13306040	-74	135	-49
13306680	-52	149	-47
13307320	-18	152	-44
13307960	-47	143	-53
13308600	-40	149	-44
13309240	-44	149	-44
13309880	-45	151	-43
13310520	-38	135	-42
13311160	-30	140	-35
13311800	-27	143	-37
13312440	-36	145	-39
13313080	-41	116	-53
13313720	-40	127	-48
13314360	-17	140	-36
13315000	-23	140	-52
13315640	-38	133	-44
13316280	-41	127	-43
13316920	-19	130	-56
13317560	-32	139	-40
13318200	-50	136	-42
13318840	-51	139	-36
13319480	-57	137	-51
13320120	-56	137	-44
13320760	-40	135	-42
13321400	-42	143	-49
13322040	-40	138	-41
13322680	-39	147	-44
13323320	-33	133	-44
13323960	-42	127	-44
13324600	-29	127	-40
13325240	-34	130	-42
13325880	-47	126	-45
13326520	-50	129	-40
13327160	-51	128	-55
13327800	-29	136	-45
13328440	-24	144	-52
13329080	-67	141	-41
13329720	-57	137	-36
13330360	-51	151	-39
13331000	-35	139	-55
13331640	-65	138	-48
13332280	-42	146	-41
13332920	-47	129	-33
13333560	-51	147	-49
13334200	-40	134	-47
13334840	-52	129	-47
13335480	-34	138	-51
13336120	-15	124	-56
13336760	-23	129	-34
13337400	-22	132	-40
13338040	-16	120	-53
13338680	-22	122	-34
13339320	-33	108	-35
13339960	-28	109	-40
13340600	-6	113	-44
13341240	1	103	-40
13341880	-35	101	-51
13342520	-8	92	-44
13343160	-11	87	-57
13343800	6	92	-57
13344440	7	93	-48
13345080	-27	101	-55
13345720	-31	99	-42
13346360	-26	94	-39
13347000	-15	98	-40
13347640	-1	117	-39
13348280	-49	128	-44
13348920	-68	144	-43
13349560	-57	163	-52
13350200	-43	142	-53
13350840	-47	166	-50
13351480	-74	158	-56
13352120	-74	152	-48
13352760	-44	160	-47
13353400	-34	168	-45
13354040	-35	149	-53
13354680	-44	129	-34
13355320	-29	134	-41
13355960	30	167	-32
13356600	-186	127	-38
13357240	-256	95	-40
13357880	-355	44	-37
13358520	-467	2	-42
13359160	-308	-62	-39
13359800	-132	-36	-54
13360440	-38	-37	-36
13361080	-161	37	-35
13361720	-311	64	-21
13362360	-397	53	-8
13363000	-389	-35	-3
13363640	-346	-113	-13
13364280	-176	-117	-15
13364920	-186	-95	20
13365560	-286	-25	9
13366200	-283	40	2
13366840	-252	88	-13
13367480	-195	142	-27
13368120	-229	170	-29
13368760	-247	159	-40
13369400	-254	135	-30
13370040	-199	191	-21
13370680	-155	217	-5
13371320	-91	250	-6
13371960	-29	266	-12
13372600	180	290	-40
13373240	444	378	-85
13373880	213	379	-50
13374520	-174	215	-73
13375160	-226	-21	-77
13375800	45	-92	-50
13376440	295	-79	-34
13377080	171	-79	-27
13377720	7	-97	-25
13378360	-114	-133	-54
13379000	-27	-133	-94
13379640	133	-177	-106
13380280	47	-194	-97
13380920	-284	-328	-112
13381560	-526	-439	-109
13382200	-202	-393	-126
13382840	-142	-259	-132
13383480	-245	-184	-122
13384120	-435	-239	-84
13384760	-473	-220	-9
13385400	-455	-287	18
13386040	-343	-382	15
13386680	-249	-393	4
13387320	-154	-421	19
13387960	-225	-349	64
13388600	-372	-222	167
13389240	-426	-69	292
13389880	-468	77	402
13390520	-447	275	519
13391160	-637	370	625
13391800	-693	429	690
13392440	-667	497	709
13393080	-716	600	724
13393720	-749	755	779
13394360	-754	915	782
13395000	-902	914	836
13395640	-1045	1151	838
13396280	-1110	1341	924
13396920	-1155	1504	948
13397560	-1063	1648	1043
13398200	-673	1933	1050
13398840	-832	2111	1118
13399480	-1183	2212	1151
13400120	-1347	2275	1128
13400760	-1338	2284	1088
13401400	-1105	2370	1025
13402040	-609	2405	983
13402680	-721	2558	924
13403320	-1159	2518	877
13403960	-1524	2413	807
13404600	-1640	2386	742
13405240	-1215	2192	693
13405880	-707	2642	308
13406520	-852	1113	95
13407160	83	1094	-359
13407800	1537	1936	-261
13408440	1330	2554	-176
13409080	469	2481	-2
13409720	-455	2351	123
13410360	-620	1409	79
13411000	-567	2123	73
13411640	-1496	2689	232
13412280	-2463	2764	896
13412920	-5611	3781	1384
13413560	-8746	2898	1525
13414200	-6964	2397	2057
13414840	-3314	1741	2246
13415480	-1216	1291	2580
13416120	-761	1280	2772
13416760	-2430	1179	3029
13417400	-3875	1065	3100
13418040	-4023	991	3019
13418680	-3862	819	2841
13419320	-3266	718	2556
13419960	-3005	624	2204
13420600	-3427	345	1883
13421240	-3025	645	1561
13421880	-3362	919	1225
13422520	-3374	988	913
13423160	-3841	1021	665
13423800	-3817	1292	458
13424440	-3878	1118	379
13425080	-3400	1306	194
13425720	-3229	1109	35
13426360	-3130	1118	-16
13427000	-3241	1225	-57
13427640	-3350	1098	-22
13428280	-3270	1091	150
13428920	-3308	1111	298
13429560	-3019	898	504
13430200	-3088	824	671
13430840	-2765	823	824
13431480	-2822	791	979
13432120	-2780	993	1118
13432760	-2714	925	1273
13433400	-2566	979	1364
13434040	-2464	1118	1476
13434680	-2570	1097	1589
13435320	-2267	1773	1612
13435960	-2407	2040	1536
13436600	-1936	2484	1324
13437240	-2025	3040	1029
13437880	-3363	2320	541
13438520	-2020	2621	311
13439160	-2733	2043	622
13439800	-1969	1863	540
13440440	-1147	2422	391
13441080	-1883	2301	604
13441720	-2516	2118	737
13442360	-2233	1942	648
13443000	-1656	1887	546
13443640	-1214	1934	468
13444280	-1432	1462	427
13444920	-1338	1397	286
13445560	-1084	1440	174
13446200	-994	1542	122
13446840	-1044	1635	98
13447480	-1307	1618	55
13448120	-1264	1603	14
13448760	-1201	1494	-24
13449400	-1070	1320	-26
13450040	-809	1257	-70
13450680	-812	959	-49
13451320	-787	885	-34
13451960	-813	818	2
13452600	-876	796	89
13453240	-642	935	156
13453880	-817	1005	206
13454520	-834	1032	213
13455160	-598	1018	179
13455800	-583	924	138
13456440	-389	817	108
13457080	-133	830	107
13457720	153	1131	149
13458360	-171	1410	278
13459000	-576	1691	335
13459640	-581	2120	320
13460280	-1044	2174	352
13460920	-1222	2118	240
13461560	-1114	1822	254
13462200	-1170	1117	138
13462840	-411	772	-111
13463480	556	393	-188
13464120	756	74	-148
13464760	607	239	-91
13465400	-16	75	17
13466040	85	192	99
13466680	258	184	241
13467320	140	-21	486
13467960	343	70	616
13468600	-345	-23	707
13469240	-405	155	778
13469880	172	457	632
13470520	762	-387	677
13471160	1741	-622	859
13471800	2601	2107	548
13472440	45	-539	938
13473080	1088	-374	815
13473720	2117	599	427
13474360	1879	305	353
13475000	1301	325	505
13475640	-184	683	515
13476280	-310	153	425
13476920	1407	1179	-4
13477560	869	1456	-143
13478200	-676	1154	-207
13478840	-732	1163	-371
13479480	-501	1385	-540
13480120	-303	1341	-590
13480760	-224	1199	-533
13481400	-252	1040	-540
13482040	-133	904	-503
13482680	46	1097	-581
13483320	-328	804	-509
13483960	-625	791	-466
13484600	-150	915	-428
13485240	-180	954	-346
13485880	-174	1012	-256
13486520	-184	1238	-255
13487160	-698	1001	-246
13487800	-452	1224	-275
13488440	-601	1141	-317
13489080	-428	1132	-361
13489720	-236	1282	-364
13490360	-598	1060	-431
13491000	-260	1326	-522
13491640	-312	1142	-530
13492280	-392	1351	-464
13492920	-516	1307	-419
13493560	-212	1490	-412
13494200	-191	1452	-286
13494840	-125	1518	-219
13495480	-369	1259	-37
13496120	-31	1377	-58
13496760	122	1085	34
13497400	367	1133	-63
13498040	46	702	-139
13498680	218	411	-523
13499320	-249	509	-616
13499960	-662	719	-669
13500600	-1102	832	-657
13501240	-1062	1134	-708
13501880	-1199	811	-725
13502520	-753	474	-885
13503160	-371	455	-1013
13503800	102	439	-950
13504440	329	379	-878
13505080	203	607	-752
13505720	98	703	-584
13506360	-165	513	-452
13507000	-134	609	-352
13507640	-122	335	-228
13508280	-172	505	-187
13508920	208	349	-62
13509560	72	491	-45
13510200	68	394	49
13510840	126	368	121
13511480	116	411	237
13512120	-66	337	518
13512760	-504	246	850
13513400	-870	-22	1252
13514040	-1162	12	1577
13514680	-1390	-456	1970
13515320	-1248	-256	2303
13515960	-1467	-499	2728
13516600	-1427	-787	3105
13517240	-1534	-1173	3558
13517880	-1267	-1003	3914
13518520	-1086	-1206	4347
13519160	-1136	-1379	4742
13519800	-711	-1592	5124
13520440	-596	-806	5402
13521080	-587	-1417	5786
13521720	-1709	-255	6358
13522360	-2849	-495	6935
13523000	-3047	-171	7284
13523640	-3271	-353	7495
13524280	-3717	-394	7426
13524920	-1727	-293	7140
13525560	116	-560	6688
13526200	-1020	-1436	6152
13526840	-1407	-1060	5097
13527480	-3812	-1015	3192
13528120	-4700	992	228
13528760	-5739	736	-2119
13529400	-7353	-370	-3932
13530040	-3565	-312	-6231
13530680	560	331	-8501
13531320	1723	416	-10111
13531960	3086	363	-11461
13532600	3083	485	-12418
13533240	1776	922	-13015
13533880	3439	1607	-13699
13534520	3613	2050	-13703
13535160	3006	2248	-13441
13535800	2855	2787	-12965
13536440	3162	3571	-12336
13537080	3453	4001	-11453
13537720	3698	4511	-9956
13538360	4180	2646	-7792
13539000	1531	404	-5666
13539640	5200	1133	-2741
13540280	4129	354	93
13540920	439	975	2626
13541560	-1475	457	4554
13542200	370	53	5119
13542840	2140	18	1250
13543480	5645	1748	1189
13544120	9526	-1288	2548
13544760	1542	755	1385
13545400	1612	2137	1494
13546040	332	1026	598
13546680	2305	1664	427
13547320	1079	1385	197
13547960	1386	1308	355
13548600	63	1221	217
13549240	-610	1037	165
13549880	-189	1035	-21
13550520	598	868	-61
13551160	627	824	-63
13551800	-128	785	-32
13552440	-612	643	-24
13553080	-544	533	-35
13553720	-135	533	42
13554360	-82	555	166
13555000	-228	426	231
13555640	-492	500	259
13556280	-587	397	298
13556920	-631	331	307
13557560	-357	281	295
13558200	-415	267	263
13558840	-404	279	173
13559480	-767	-196	256
13560120	-1418	33	195
13560760	-1476	-39	171
13561400	236	-61	91
13562040	251	60	86
13562680	-4	-49	65
13563320	-359	-180	71
13563960	-789	-123	144
13564600	-582	-113	242
13565240	-570	-125	482
13565880	-706	-141	703
13566520	-411	-166	896
13567160	186	-245	1061
13567800	325	-238	1161
13568440	207	-317	1236
13569080	146	-290	1209
13569720	39	-299	1183
13570360	29	-329	1132
13571000	-30	-277	1027
13571640	-145	-309	869
13572280	-398	-290	677
13572920	-725	-250	440
13573560	-763	-185	183
13574200	-498	-75	-48
13574840	-366	215	-238
13575480	-291	158	-344
13576120	-165	143	-365
13576760	96	220	-368
13577400	184	166	-326
13578040	29	183	-333
13578680	-153	260	-372
13579320	-318	207	-434
13579960	-254	346	-522
13580600	-27	405	-561
13581240	78	442	-590
13581880	18	457	-573
13582520	-2	383	-564
13583160	30	455	-552
13583800	-13	322	-492
13584440	-402	379	-430
13585080	-391	373	-415
13585720	-237	330	-408
13586360	-472	319	-354
13587000	-485	315	-344
13587640	-520	275	-313
13588280	-399	255	-254
13588920	-320	242	-157
13589560	-8	118	-63
13590200	157	71	-9
13590840	116	101	90
13591480	195	79	145
13592120	240	66	201
13592760	460	79	162
13593400	389	65	176
13594040	420	128	160
13594680	407	144	158
13595320	320	138	169
13595960	255	120	188
13596600	205	91	209
13597240	142	94	231
13597880	32	82	270
13598520	-57	54	310
13599160	-145	56	333
13599800	-212	80	341
13600440	-307	27	339
13601080	-320	67	324
13601720	-106	108	273
13602360	-58	79	252
13603000	93	100	213
13603640	323	70	187
13604280	437	79	163
13604920	418	105	117
13605560	303	105	41
13606200	-46	128	-38
13606840	-296	228	-98
13607480	-792	284	-127
13608120	-1029	231	-111
13608760	-1053	383	-180
13609400	-693	73	-202
13610040	-404	413	-261
13610680	-209	132	-269
13611320	5	351	-333
13611960	-376	203	-354
13612600	-747	213	-397
13613240	157	367	-507
13613880	458	341	-508
13614520	573	496	-443
13615160	1158	517	-341
13615800	1896	558	-161
13616440	2001	322	157
13617080	2543	382	453
13617720	3185	353	830
13618360	4533	-513	1050
13619000	4693	-421	1251
13619640	5080	-57	1324
13620280	4953	-277	1322
13620920	4544	-159	1232
13621560	4458	-337	1157
13622200	4241	-484	1073
13622840	4413	-585	957
13623480	4370	-739	890
13624120	4194	-674	845
13624760	3922	-971	880
13625400	3685	-1130	998
13626040	2754	-1585	1246
13626680	2285	-1548	1380
13627320	1711	-1456	1416
13627960	229	-1204	1514
13628600	744	-1267	1409
13629240	601	-1739	1250
13629880	550	-1973	1194
13630520	3366	-3215	1126
13631160	5772	-3255	1285
13631800	6651	-4131	1667
13632440	8171	-4092	1463
13633080	10027	-5134	1169
13633720	11797	-5094	711
13634360	13344	-5376	286
13635000	13376	-5043	69
13635640	11676	-5340	-457
13636280	13212	-5485	-1795
13636920	15639	-4016	-3264
13637560	13569	-3785	-4183
13638200	8551	-3567	-4721
13638840	6852	-2864	-5328
13639480	7999	-1810	-5937
13640120	7774	-857	-6264
13640760	7576	-135	-6282
13641400	7498	261	-5951
13642040	5601	488	-5365
13642680	3117	634	-4486
13643320	764	2507	-3590
13643960	4926	-1646	1357
13644600	1807	-542	221
13645240	3673	4092	-440
13645880	-23	-2687	-65
13646520	3379	3617	-898
13647160	720	-1623	-813
13647800	183	2021	-989
13648440	-13	381	-1004
13649080	362	1171	-1042
13649720	190	711	-880
13650360	302	805	-715
13651000	288	551	-497
13651640	117	655	-349
13652280	-7	496	-288
13652920	-129	491	-221
13653560	-46	510	-155
13654200	345	434	-72
13654840	434	604	46
13655480	331	463	62
13656120	340	265	79
13656760	319	242	183
13657400	261	256	258
13658040	176	134	300
13658680	140	139	318
13659320	73	193	308
13659960	124	166	320
13660600	133	105	299
13661240	-32	108	289
13661880	220	114	237
13662520	143	127	210
13663160	131	92	173
13663800	194	127	93
13664440	172	74	55
13665080	181	169	12
13665720	13	153	1
13666360	3	113	-15
13667000	-4	69	-22
13667640	-49	76	-5
13668280	-99	70	4
13668920	-45	125	19
13669560	61	81	21
13670200	70	-13	19
13670840	-35	73	4
13671480	-40	53	8
13672120	-165	71	31
13672760	-18	2	41
13673400	-1	19	82
13674040	-16	16	94
13674680	-39	-40	119
13675320	-91	-81	137
13675960	-91	-49	129
13676600	-155	-98	128
13677240	-218	-3	88
13677880	-113	-59	47
13678520	-160	43	-1
13679160	-186	-26	-12
13679800	-159	-40	-18
13680440	-158	-29	-12
13681080	-172	-1	-14
13681720	-137	-4	-29
13682360	-166	46	-33
13683000	-152	70	-38
13683640	-84	21	-40
13684280	-35	62	-53
13684920	-59	59	-61
13685560	-74	69	-56
13686200	-46	74	-59
13686840	-112	86	-69
13687480	-146	147	-62
13688120	-231	97	-81
13688760	-242	181	-112
13689400	-536	236	-76
13690040	-609	-8	-56
13690680	-633	124	-42
13691320	-632	-4	4
13691960	-576	-54	35
13692600	-449	-21	90
13693240	-467	-82	122
13693880	-384	-123	150
13694520	-313	-111	170
13695160	-260	-153	209
13695800	-186	-181	197
13696440	-131	-190	180
13697080	19	-147	141
13697720	-67	-180	123
13698360	-102	-213	82
13699000	-122	-133	41
13699640	-165	-186	18
13700280	-157	-49	-9
13700920	-162	-62	-14
13701560	-133	-38	-14
13702200	-66	-69	-22
13702840	-109	-107	-38
13703480	-156	-133	-39
13704120	-83	-81	-65
13704760	0	-35	-84
13705400	-9	-28	-80
13706040	22	-92	-78
13706680	-43	-4	-73
13707320	-99	-82	-62
13707960	-103	17	-72
13708600	-25	2	-64
13709240	-62	17	-73
13709880	-16	75	-71
13710520	39	2	-51
13711160	85	31	-30
13711800	-11	128	23
13712440	-307	56	74
13713080	-338	-3	114
13713720	-770	-55	173
13714360	-883	23	175
13715000	-652	-53	178
13715640	-588	-8	188
13716280	-576	-132	234
13716920	-563	-137	254
13717560	-532	-149	238
13718200	-371	-165	227
13718840	-416	-142	228
13719480	-322	-183	184
13720120	-169	-167	142
13720760	-158	-145	126
13721400	-115	-144	32
13722040	-80	-173	3
13722680	-216	-109	-38
13723320	-262	-163	-62
13723960	-336	-85	-73
13724600	-281	-57	-70
13725240	-395	90	-23
13725880	-657	48	61
13726520	-1021	183	198
13727160	-1156	291	386
13727800	-1144	117	583
13728440	-633	-72	640
13729080	-334	-216	704
13729720	-825	-91	752
13730360	-971	4	780
13731000	-800	-50	712
13731640	-112	28	615
13732280	316	10	550
13732920	885	167	614
13733560	1537	-66	836
13734200	1972	-236	1211
13734840	2749	-812	1683
13735480	3714	-1037	2135
13736120	4157	-1417	2608
13736760	4647	-2258	2440
13737400	7767	-3252	1847
13738040	10528	-3671	937
13738680	11234	-4209	-80
13739320	11633	-4209	-1583
13739960	12644	-4565	-2925
13740600	13768	-4538	-3747
13741240	14880	-4522	-4135
13741880	15376	-4497	-4096
13742520	14201	-3924	-3810
13743160	11198	-3497	-3259
13743800	8557	-2548	-2674
13744440	6978	-1591	-2175
13745080	6629	-1422	-1543
13745720	7343	-873	-1118
13746360	4790	1785	-1130
13747000	-1059	2753	-1091
13747640	-5515	377	-1096
13748280	-1436	589	-1865
13748920	5653	362	-1677
13749560	282	1078	-1369
13750200	1952	902	-1895
13750840	836	1229	-1783
13751480	588	602	-1731
13752120	949	850	-1677
13752760	694	965	-1550
13753400	472	408	-1481
13754040	968	857	-1470
13754680	944	775	-1429
13755320	1619	1291	-1344
13755960	1933	921	-1235
13756600	2120	981	-1144
13757240	2665	765	-1046
13757880	3476	1291	-956
13758520	3632	1141	-808
13759160	3683	792	-606
13759800	3199	427	-445
13760440	3117	262	-163
13761080	2425	-91	75
13761720	2543	-155	234
13762360	2513	-265	412
13763000	2683	-512	533
13763640	2879	-565	590
13764280	3107	-611	595
13764920	3117	-565	629
13765560	2577	-514	673
13766200	2278	-611	727
13766840	2231	-802	736
13767480	1731	-938	808
13768120	967	-777	916
13768760	229	-858	1051
13769400	-694	-967	1268
13770040	-991	-1068	1425
13770680	-1121	-1002	1574
13771320	-1736	-1365	1895
13771960	-1243	-1057	2076
13772600	-1445	-1037	2388
13773240	-2369	-1109	2808
13773880	-2331	-1124	3054
13774520	-1876	-990	3099
13775160	-1420	-999	2981
13775800	-1321	-1311	2661
13776440	-142	-1532	2156
13777080	1621	-1637	1487
13777720	4378	-2045	714
13778360	6063	-2373	-1443
13779000	10724	-1877	-3592
13779640	8777	-1767	-4970
13780280	6763	-2077	-5499
13780920	5945	-1981	-5869
13781560	6486	-1738	-5726
13782200	6422	-1459	-5403
13782840	5738	-1278	-4800
13783480	6310	-879	-4176
13784120	8211	-913	249
13784760	-1946	393	-1657
13785400	576	2741	-1445
13786040	-3784	-1127	-1937
13786680	2538	1323	-2469
13787320	1424	-154	-1938
13787960	1271	1289	-1957
13788600	1374	660	-1925
13789240	1675	1273	-1983
13789880	1050	689	-1878
13790520	-89	1104	-1714
13791160	-257	926	-1401
13791800	392	929	-1212
13792440	427	654	-888
13793080	618	665	-617
13793720	1097	645	-422
13794360	881	551	-228
13795000	311	327	-88
13795640	-243	463	-30
13796280	-36	401	-10
13796920	249	411	9
13797560	353	426	-7
13798200	414	338	-46
13798840	268	394	-55
13799480	202	352	-55
13800120	68	346	-28
13800760	88	326	1
13801400	44	291	23
13802040	125	265	25
13802680	130	250	32
13803320	-6	114	44
13803960	138	203	16
13804600	92	244	-6
13805240	122	109	-57
13805880	136	185	-89
13806520	75	226	-109
13807160	62	165	-113
13807800	211	111	-107
13808440	82	219	-80
13809080	187	105	-39
13809720	3	164	-9
13810360	-42	156	33
13811000	-129	171	93
13811640	-43	140	121
13812280	-80	136	200
13812920	-95	56	224
13813560	-258	86	297
13814200	-160	110	321
13814840	-138	127	352
13815480	-347	184	419
13816120	-429	141	469
13816760	-589	128	587
13817400	-594	32	653
13818040	-247	78	666
13818680	-158	72	651
13819320	-498	279	659
13819960	-285	197	629
13820600	-184	308	565
13821240	-419	324	500
13821880	32	390	380
13822520	350	587	282
13823160	187	437	248
13823800	225	615	143
13824440	125	495	96
13825080	269	573	59
13825720	142	515	39
13826360	188	518	22
13827000	190	481	-6
13827640	88	435	-32
13828280	155	466	-68
13828920	-71	472	-68
13829560	-19	460	-91
13830200	3	368	-93
13830840	-1	419	-87
13831480	-32	377	-86
13832120	-24	385	-82
13832760	77	350	-82
13833400	-81	354	-44
13834040	33	292	-61
13834680	203	315	-50
13835320	237	371	-40
13835960	570	354	-65
13836600	539	283	-57
13837240	422	251	-49
13837880	209	176	-27
13838520	157	188	-59
13839160	40	111	-73
13839800	35	94	-71
13840440	146	177	-96
13841080	338	188	-126
13841720	287	119	-107
13842360	412	243	-164
13843000	240	200	-176
13843640	228	74	-196
13844280	125	121	-211
13844920	-93	114	-194
13845560	-354	31	-158
13846200	-218	-52	-172
13846840	-427	-8	-156
13847480	-135	-28	-224
13848120	-114	20	-268
13848760	-38	83	-314
13849400	176	-23	-339
13850040	20	-36	-311
13850680	127	-146	-278
13851320	-99	-168	-213
13851960	-151	-196	-160
13852600	-246	-303	-131
13853240	-389	-307	-90
13853880	-484	-330	-90
13854520	-302	-456	-64
13855160	-310	-492	-55
13855800	-253	-443	-55
13856440	-216	-561	-20
13857080	-317	-517	14
13857720	-245	-617	48
13858360	-183	-564	115
13859000	-299	-585	178
13859640	-80	-724	277
13860280	-27	-660	377
13860920	182	-831	462
13861560	88	-808	555
13862200	-333	-951	674
13862840	-545	-889	699
13863480	-530	-928	660
13864120	-939	-974	550
13864760	-1461	-959	343
13865400	-1435	-704	-146
13866040	-1996	-710	-761
13866680	-3125	-78	-1581
13867320	-4044	216	-2475
13867960	-5211	617	-3291
13868600	-6430	850	-3750
13869240	-8077	619	-3903
13869880	-9163	798	-3948
13870520	-7343	355	-2821
13871160	-9204	-1481	-773
13871800	-12382	576	2765
13872440	-20395	513	5105
13873080	-24900	703	7039
13873720	-24032	2516	7852
13874360	-25107	1902	8415
13875000	-27174	1290	9092
13875640	-26171	-270	9431
13876280	-20865	-1070	9446
13876920	-14570	-1225	9588
13877560	-11339	-360	9294
13878200	-10457	1002	8638
13878840	-10424	1988	7243
13879480	-11579	3443	5733
13880120	-12918	4615	4263
13880760	-11618	4847	2884
13881400	-6177	4504	1087
13882040	-4016	5400	-2412
13882680	-7584	4439	-3479
13883320	-4405	815	-1304
13883960	4958	472	-1765
13884600	2229	1441	-1071
13885240	-514	1957	-826
13885880	-253	2322	-1216
13886520	-2045	3797	-1648
13887160	564	739	-1293
13887800	206	1574	-1116
13888440	1234	2835	-1152
13889080	655	1902	-976
13889720	405	2472	-805
13890360	-675	2209	-572
13891000	-738	1736	-343
13891640	-500	1158	-155
13892280	-58	1041	-40
13892920	353	729	5
13893560	-384	651	47
13894200	-947	527	18
13894840	-1490	734	-235
13895480	-2123	731	-192
13896120	-2937	776	-424
13896760	-2445	349	-630
13897400	-2943	327	-819
13898040	-3120	469	-987
13898680	-3125	412	-1168
13899320	-3059	427	-1292
13899960	-3273	428	-1362
13900600	-3858	533	-1295
13901240	-4675	428	-1059
13901880	-4882	304	-871
13902520	-3554	645	-724
13903160	-4396	-8	-365
13903800	-4192	191	-108
13904440	-3356	-31	-55
13905080	-3342	92	257
13905720	-1991	453	229
13906360	-1657	-490	416
13907000	-1446	-164	586
13907640	-1942	-407	842
13908280	-1642	-705	1178
13908920	-443	-596	1387
13909560	-880	-544	1562
13910200	-1112	-423	1484
13910840	-1159	-295	1274
13911480	-1582	-438	1076
13912120	-2224	-68	987
13912760	-2730	-29	1021
13913400	-2669	35	960
13914040	-2942	68	823
13914680	-3341	0	673
13915320	-2868	124	418
13915960	-2350	327	264
13916600	-3744	1582	325
13917240	-6988	-191	768
13917880	-4885	634	634
13918520	-3853	-142	598
13919160	-1134	388	208
13919800	1500	-390	-28
13920440	391	-147	153
13921080	802	94	124
13921720	1356	-97	49
13922360	1606	-75	19
13923000	1103	73	67
13923640	867	192	50
13924280	1060	12	160
13924920	527	88	258
13925560	-139	-103	401
13926200	-431	127	436
13926840	-348	-119	460
13927480	-431	138	542
13928120	-928	-198	537
13928760	-629	-31	517
13929400	-563	-1	460
13930040	-667	-29	399
13930680	-690	21	313
13931320	-827	6	202
13931960	-378	57	92
13932600	-408	60	44
13933240	-372	27	32
13933880	-311	60	55
13934520	-415	12	98
13935160	-258	57	87
13935800	-161	20	107
13936440	-141	86	65
13937080	-81	80	42
13937720	-163	126	31
13938360	-91	80	-15
13939000	-29	99	-63
13939640	195	71	-99
13940280	158	140	-123
13940920	-270	126	-82
13941560	-167	173	-124
13942200	-110	147	-98
13942840	-414	134	-29
13943480	-444	142	-20
13944120	-349	101	7
13944760	-322	148	9
13945400	-324	130	25
13946040	-229	155	23
13946680	-195	144	16
13947320	-99	145	7
13947960	-5	182	1
13948600	40	220	8
13949240	58	165	8
13949880	84	176	15
13950520	17	190	17
13951160	-32	172	22
13951800	-153	287	23
13952440	-191	200	5
13953080	10	175	-28
13953720	171	193	-26
13954360	-292	119	1
13955000	145	232	-41
13955640	-74	193	-51
13956280	-296	165	-68
13956920	-211	185	-88
13957560	-177	282	-115
13958200	-315	213	-100
13958840	-327	229	-127
13959480	-210	213	-122
13960120	-297	292	-130
13960760	-379	199	-121
13961400	-448	229	-103
13962040	-363	191	-111
13962680	-332	172	-93
13963320	-379	149	-87
13963960	-331	81	-70
13964600	-386	93	-63
13965240	-336	37	-40
13965880	-402	49	-1
13966520	-368	23	-2
13967160	-249	6	-2
13967800	-235	5	-4
13968440	-190	-29	17
13969080	-58	5	33
13969720	-99	17	79
13970360	-55	25	78
13971000	110	-28	63
13971640	-3	-1	61
13972280	25	-17	37
13972920	84	11	32
13973560	85	32	31
13974200	38	49	40
13974840	27	31	28
13975480	-14	24	49
13976120	-146	40	34
13976760	-90	65	7
13977400	-78	65	5
13978040	-173	35	31
13978680	-215	98	33
13979320	-128	72	32
13979960	-223	78	26
13980600	-187	89	17
13981240	-216	127	16
13981880	-364	179	30
13982520	-453	177	54
13983160	-438	235	89
13983800	-400	198	154
13984440	-289	256	198
13985080	-120	194	232
13985720	-150	262	259
13986360	-123	206	287
13987000	-124	219	268
13987640	-42	253	248
13988280	3	237	205
13988920	150	206	152
13989560	298	316	120
13990200	323	342	85
13990840	443	331	90
13991480	403	340	79
13992120	425	407	39
13992760	601	427	31
13993400	916	325	-27
13994040	1163	359	-87
13994680	1412	353	-90
13995320	2277	167	-232
13995960	2197	179	-219
13996600	2183	200	-303
13997240	2414	75	-443
13997880	2658	187	-577
13998520	2154	326	-706
13999160	2471	169	-852
13999800	1757	509	-993
14000440	1584	270	-1134
14001080	1782	332	-1415
14001720	1775	344	-1625
14002360	1561	497	-1785
14003000	1448	309	-1924
14003640	2096	496	-2042
14004280	2090	360	-1982
14004920	1663	450	-1916
14005560	947	508	-1746
14006200	742	561	-1693
14006840	1388	555	-1606
14007480	1461	827	-1330
14008120	2526	885	-1111
14008760	2780	943	-796
14009400	4058	1016	-650
14010040	4157	826	-394
14010680	4244	788	-251
14011320	3613	703	-107
14011960	3559	513	-47
14012600	2118	171	136
14013240	2070	105	177
14013880	1924	63	274
14014520	1668	-92	402
14015160	1471	-350	489
14015800	921	-287	525
14016440	901	-202	496
14017080	737	-52	406
14017720	703	-260	307
14018360	521	-249	169
14019000	630	-287	20
14019640	235	-266	-141
14020280	167	-309	-240
14020920	-177	-285	-284
14021560	-195	-551	-249
14022200	-506	-739	-151
14022840	-295	-838	-73
14023480	-481	-851	42
14024120	-391	-898	109
14024760	-322	-984	219
14025400	-775	-1141	349
14026040	-1213	-1275	480
14026680	-1544	-1221	578
14027320	-1916	-1232	766
14027960	-2479	-1166	1014
14028600	-2512	-1279	1220
14029240	-2204	-1361	1242
14029880	-2192	-1265	1102
14030520	-1791	-1295	781
14031160	-773	-1146	561
14031800	-266	-1182	334
14032440	2864	-1705	44
14033080	5819	-2054	-251
14033720	6974	-2210	-445
14034360	9071	-2251	-894
14035000	9507	-2212	-1386
14035640	8174	-1722	-1355
14036280	6279	-1778	-1388
14036920	5301	-1304	-1371
14037560	4784	-922	-1267
14038200	4231	-480	-1275
14038840	3445	-115	-1386
14039480	1497	178	-1022
14040120	-3376	-203	-287
14040760	714	534	-1062
14041400	1301	338	-981
14042040	1550	-746	-921
14042680	1803	707	-1042
14043320	193	-96	-905
14043960	500	350	-963
14044600	1407	134	-1139
14045240	1559	232	-1170
14045880	980	496	-1138
14046520	527	482	-1087
14047160	488	574	-1068
14047800	485	425	-914
14048440	149	511	-775
14049080	351	465	-631
14049720	485	485	-523
14050360	364	476	-379
14051000	399	441	-288
14051640	428	358	-226
14052280	452	416	-175
14052920	561	395	-135
14053560	733	456	-142
14054200	888	440	-100
14054840	820	414	-33
14055480	723	447	42
14056120	742	337	74
14056760	894	376	92
14057400	747	314	123
14058040	475	396	165
14058680	571	417	124
14059320	510	343	91
14059960	390	482	40
14060600	391	480	-17
14061240	200	477	-46
14061880	282	489	-104
14062520	130	413	-108
14063160	-136	442	-170
14063800	-168	487	-181
14064440	-137	559	-168
14065080	56	518	-162
14065720	85	462	-133
14066360	109	421	-91
14067000	163	463	-31
14067640	188	375	21
14068280	263	345	61
14068920	275	391	104
14069560	217	308	122
14070200	247	275	125
14070840	265	329	135
14071480	307	279	120
14072120	311	330	87
14072760	254	336	65
14073400	181	354	42
14074040	146	310	25
14074680	130	281	21
14075320	60	239	6
14075960	68	239	-3
14076600	87	241	-27
14077240	37	216	-34
14077880	0	202	-56
14078520	-52	216	-71
14079160	-68	171	-81
14079800	-157	164	-97
14080440	-118	188	-129
14081080	-93	135	-140
14081720	-106	178	-129
14082360	-82	135	-128
14083000	-148	135	-114
14083640	-176	120	-104
14084280	-202	60	-100
14084920	-139	78	-115
14085560	-119	97	-104
14086200	-95	78	-101
14086840	-66	93	-103
14087480	-89	97	-85
14088120	-112	70	-78
14088760	-114	65	-62
14089400	-157	83	-78
14090040	-174	45	-82
14090680	-176	19	-81
14091320	-147	58	-86
14091960	-95	55	-99
14092600	-104	67	-106
14093240	-74	87	-105
14093880	-108	95	-119
14094520	-128	70	-118
14095160	-165	118	-124
14095800	-115	131	-133
14096440	-87	147	-144
14097080	-81	170	-131
14097720	-116	154	-135
14098360	-164	155	-133
14099000	-170	130	-146
14099640	-208	135	-144
14100280	-188	153	-144
14100920	-170	186	-161
14101560	-173	179	-172
14102200	-184	177	-187
14102840	-128	208	-219
14103480	-52	234	-253
14104120	-1	253	-263
14104760	69	299	-269
14105400	-33	246	-260
14106040	155	317	-247
14106680	110	367	-187
14107320	41	250	-148
14107960	564	352	-154
14108600	630	465	-122
14109240	472	396	-118
14109880	626	431	-193
14110520	1181	245	-206
14111160	864	326	-219
14111800	979	324	-317
14112440	930	127	-327
14113080	303	28	-335
14113720	-78	-101	-279
14114360	79	-97	-187
14115000	20	-4	-35
14115640	-667	-348	255
14116280	-787	-497	296
14116920	-554	-504	337
14117560	-711	-645	470
14118200	-779	-552	660
14118840	-743	-917	811
14119480	-1170	-1256	917
14120120	-2702	-1322	963
14120760	-3932	-1198	742
14121400	-3668	-880	313
14122040	-3944	-539	48
14122680	-4608	-504	-337
14123320	-4435	-255	-446
14123960	-5052	-425	-299
14124600	-7678	-139	296
14125240	-9770	215	803
14125880	-12078	1117	1608
14126520	-15858	1893	2890
14127160	-21123	2056	3974
14127800	-22510	2969	4463
14128440	-21266	2916	4349
14129080	-21114	2647	4072
14129720	-21996	2279	3862
14130360	-21185	2236	3539
14131000	-17836	2655	3477
14131640	-14414	2814	3518
14132280	-11696	2983	3457
14132920	-9414	2569	3503
14133560	-6165	3281	2337
14134200	-4697	2547	1679
14134840	-5628	2717	935
14135480	-5188	2481	131
14136120	-4082	2216	-723
14136760	-3008	1809	-1419
14137400	-875	567	-1031
14138040	1552	-485	-569
14138680	4950	1002	-938
14139320	4807	381	-943
14139960	287	1128	-526
14140600	887	671	-561
14141240	2472	859	-801
14141880	678	1096	-957
14142520	-973	1330	-945
14143160	-945	1450	-991
14143800	-401	1523	-936
14144440	-963	1450	-657
14145080	-1104	1291	-482
14145720	-1646	1287	-382
14146360	-1650	927	-255
14147000	-951	711	-363
14147640	-1764	537	-329
14148280	-1371	310	-436
14148920	-1097	288	-517
14149560	-641	162	-520
14150200	-1409	-99	-441
14150840	-1324	147	-445
14151480	-1195	20	-388
14152120	-1086	157	-366
14152760	-781	64	-329
14153400	-496	365	-343
14154040	-947	215	-339
14154680	-404	340	-401
14155320	-335	126	-353
14155960	-899	197	-242
14156600	-517	209	-168
14157240	-293	-2	-36
14157880	-400	39	163
14158520	-1378	15	362
14159160	-1253	-12	473
14159800	-1307	-104	597
14160440	-1125	-221	666
14161080	-1248	-409	749
14161720	-1351	-676	886
14162360	-1306	-564	1007
14163000	-1442	-792	1180
14163640	-1079	-667	1256
14164280	-507	-716	1305
14164920	-134	-792	1317
14165560	21	-843	1304
14166200	-51	-923	1274
14166840	6	-917	1173
14167480	142	-886	1092
14168120	259	-703	953
14168760	-15	-541	849
14169400	-189	-403	678
14170040	-436	-327	503
14170680	-614	-285	375
14171320	-516	-244	262
14171960	-541	-230	178
14172600	-692	-179	131
14173240	-645	-125	84
14173880	-533	-93	40
14174520	-392	-92	2
14175160	-365	-21	-33
14175800	-422	-62	-40
14176440	-319	-48	-20
14177080	-331	-17	25
14177720	-304	-17	60
14178360	-203	-47	137
14179000	-151	-12	136
14179640	0	-4	143
14180280	-2	34	118
14180920	-37	19	128
14181560	-90	92	95
14182200	107	88	75
14182840	198	71	84
14183480	173	143	88
14184120	573	87	76
14184760	558	116	99
14185400	464	32	124
14186040	397	108	121
14186680	399	116	143
14187320	531	121	126
14187960	631	191	79
14188600	471	96	74
14189240	347	117	71
14189880	358	100	39
14190520	355	166	28
14191160	419	52	12
14191800	451	163	17
14192440	310	58	57
14193080	417	97	64
14193720	423	103	60
14194360	336	130	54
14195000	271	133	72
14195640	217	166	54
14196280	236	113	53
14196920	177	161	88
14197560	156	97	107
14198200	304	156	69
14198840	213	89	69
14199480	106	155	67
14200120	127	173	43
14200760	-1	162	48
14201400	0	201	50
14202040	74	223	58
14202680	44	154	84
14203320	-58	177	90
14203960	-64	203	84
14204600	7	228	63
14205240	-119	191	78
14205880	-8	286	35
14206520	11	238	25
14207160	128	304	-1
14207800	93	247	10
14208440	48	356	15
14209080	255	289	47
14209720	253	316	86
14210360	230	268	120
14211000	352	311	125
14211640	349	235	127
14212280	271	354	68
14212920	224	292	-4
14213560	260	362	-106
14214200	144	394	-215
14214840	120	378	-331
14215480	315	505	-481
14216120	177	452	-623
14216760	137	432	-708
14217400	-380	660	-778
14218040	-608	541	-820
14218680	-605	627	-874
14219320	-277	722	-915
14219960	-487	580	-832
14220600	-104	722	-772
14221240	79	426	-657
14221880	-99	478	-487
14222520	9	401	-425
14223160	898	530	-515
14223800	369	337	-419
14224440	-265	180	-290
14225080	786	294	-407
14225720	1153	216	-335
14226360	1503	282	-402
14227000	2303	341	-589
14227640	3123	699	-721
14228280	2563	903	-795
14228920	2156	1046	-770
14229560	3215	1057	-861
14230200	3923	1210	-839
14230840	3422	785	-709
14231480	3677	894	-551
14232120	2684	132	-143
14232760	3672	143	-16
14233400	3344	-109	137
14234040	2544	-66	323
14234680	2519	-303	478
14235320	1923	-525	715
14235960	2039	-657	877
14236600	1691	-849	1143
14237240	1762	-971	1241
14237880	2067	-1183	1267
14238520	1420	-1232	1265
14239160	1648	-1014	1112
14239800	1440	-1070	1030
14240440	1417	-1173	1087
14241080	887	-1124	1225
14241720	992	-1414	1391
14242360	1455	-2479	1391
14243000	2605	-4781	1541
14243640	4603	-1999	1244
14244280	2163	-2901	1583
14244920	2073	-3220	2100
14245560	4285	-4117	2253
14246200	5436	-4992	2106
14246840	6108	-5178	1452
14247480	10546	-5004	573
14248120	15729	-5424	282
14248760	16939	-6777	-165
14249400	22260	-9896	-2242
14250040	27666	-5188	-4999
14250680	22372	-6822	-5922
14251320	15081	-7357	-6769
14251960	12900	-5927	-8010
14252600	15122	-5049	-8612
14253240	14607	-3693	-8412
14253880	13739	-2762	-7286
14254520	12929	-1793	-6168
14255160	8686	113	-4675
14255800	2848	618	-3193
14256440	-2784	1590	-1162
14257080	745	-1232	3593
14257720	97	-913	-772
14258360	7844	1645	117
14259000	260	-1440	-1205
14259640	2537	2320	-1246
14260280	213	-38	-1277
14260920	2486	742	-1667
14261560	2502	949	-1429
14262200	1931	1094	-1267
14262840	704	885	-1081
14263480	566	1171	-1104
14264120	869	988	-1031
14264760	927	918	-876
14265400	1385	883	-760
14266040	1519	726	-614
14266680	915	555	-512
14267320	1204	667	-516
14267960	1076	696	-489
14268600	934	635	-525
14269240	1439	673	-588
14269880	952	514	-510
14270520	707	516	-512
14271160	1590	454	-506
14271800	1351	554	-402
14272440	1153	614	-352
14273080	1119	600	-343
14273720	962	618	-307
14274360	741	398	-291
14275000	372	585	-263
14275640	356	400	-215
14276280	-94	199	-198
14276920	-171	119	-149
14277560	-260	86	-130
14278200	-501	127	-128
14278840	-456	146	-160
14279480	-479	151	-211
14280120	-315	132	-281
14280760	-405	213	-369
14281400	-591	137	-414
14282040	-726	136	-427
14282680	-715	189	-438
14283320	-680	199	-429
14283960	-723	108	-391
14284600	-750	192	-346
14285240	-582	152	-304
14285880	-59	-59	-384
14286520	-288	53	-232
14287160	-414	11	-198
14287800	-293	26	-151
14288440	-199	78	-108
14289080	-246	8	18
14289720	-164	-31	69
14290360	-54	26	142
14291000	-274	-59	234
14291640	-259	-59	286
14292280	-149	15	319
14292920	-148	-47	339
14293560	-216	-27	363
14294200	-95	-4	348
14294840	-8	-48	305
14295480	-62	46	285
14296120	-10	39	246
14296760	-58	63	223
14297400	-73	91	188
14298040	87	71	129
14298680	91	102	93
14299320	41	49	21
14299960	-61	84	-8
14300600	-73	155	-10
14301240	2	95	-31
14301880	-70	181	-24
14302520	11	145	-19
14303160	44	115	-8
14303800	76	140	12
14304440	100	166	27
14305080	157	154	51
14305720	228	142	62
14306360	211	162	58
14307000	251	139	65
14307640	339	116	56
14308280	351	176	39
14308920	422	194	17
14309560	349	147	0
14310200	245	182	-13
14310840	322	164	-71
14311480	360	222	-108
14312120	242	171	-173
14312760	134	158	-265
14313400	-239	205	-368
14314040	-756	108	-467
14314680	-775	179	-621
14315320	-1445	112	-764
14315960	-1616	424	-924
14316600	-903	335	-1050
14317240	-948	450	-1183
14317880	-781	683	-1363
14318520	-376	639	-1500
14319160	89	912	-1603
14319800	602	963	-1608
14320440	1206	913	-1519
14321080	1456	834	-1291
14321720	1859	693	-948
14322360	2271	629	-571
14323000	2625	531	-155
14323640	3133	370	233
14324280	3558	-91	574
14324920	3934	-216	825
14325560	3735	-366	1051
14326200	3795	-465	1172
14326840	2900	-195	1327
14327480	3345	-942	1354
14328120	2857	-828	1366
14328760	2606	-889	1386
14329400	2477	-976	1476
14330040	2339	-1157	1611
14330680	1819	-1355	1885
14331320	936	-1449	2312
14331960	765	-1608	2715
14332600	247	-1819	3196
14333240	-408	-1969	3634
14333880	-1239	-2246	4100
14334520	-1008	-2830	4327
14335160	1657	-2639	4111
14335800	711	-2375	4152
14336440	-768	-2627	3987
14337080	1623	-2688	3309
14337720	3955	-3392	2445
14338360	6003	-2837	1991
14339000	6165	-3594	1403
14339640	6481	-3818	-249
14340280	11739	-4501	-2561
14340920	15663	-2787	-4652
14341560	13345	-3388	-5687
14342200	8721	-3613	-6410
14342840	7129	-3278	-7000
14343480	6915	-2545	-7631
14344120	7453	-2077	-7933
14344760	10299	-1374	-7894
14345400	12735	-984	-7325
14346040	13704	-1050	-6312
14346680	10790	-1226	-4832
14347320	7982	-1362	-3508
14347960	6013	-535	-1592
14348600	5912	-698	1126
14349240	-5022	628	764
14349880	3547	2291	-807
14350520	4432	-2359	-110
14351160	3164	1561	-503
14351800	938	-191	-332
14352440	437	934	-476
14353080	1027	522	-710
14353720	735	613	-751
14354360	269	701	-669
14355000	310	551	-602
14355640	475	621	-577
14356280	579	573	-502
14356920	354	444	-389
14357560	270	484	-341
14358200	-126	425	-307
14358840	-80	564	-336
14359480	256	472	-338
14360120	224	445	-286
14360760	74	528	-230
14361400	-24	355	-162
14362040	16	407	-119
14362680	10	309	-60
14363320	-166	362	-9
14363960	-184	333	56
14364600	-232	271	148
14365240	-75	242	191
14365880	-156	202	263
14366520	-265	187	283
14367160	-180	210	291
14367800	-349	154	341
14368440	-196	126	308
14369080	-72	119	307
14369720	-95	110	291
14370360	52	138	277
14371000	21	129	248
14371640	213	99	217
14372280	238	145	170
14372920	176	136	150
14373560	268	129	148
14374200	313	115	137
14374840	405	26	124
14375480	347	120	112
14376120	228	86	106
14376760	200	92	93
14377400	186	89	73
14378040	35	129	59
14378680	115	152	20
14379320	109	102	11
14379960	124	162	-24
14380600	36	140	-30
14381240	-21	156	-46
14381880	-112	209	-51
14382520	-189	218	-55
14383160	-169	228	-70
14383800	-138	280	-61
14384440	-343	202	-38
14385080	-328	219	-39
14385720	-346	173	-9
14386360	-339	208	-2
14387000	-249	167	7
14387640	-248	119	-1
14388280	-73	116	-50
14388920	-132	80	-81
14389560	-213	132	-142
14390200	-250	215	-192
14390840	-225	235	-210
14391480	26	297	-246
14392120	518	374	-295
14392760	641	256	-289
14393400	923	326	-356
14394040	882	190	-359
14394680	755	339	-329
14395320	324	191	-306
14395960	213	309	-274
14396600	-159	277	-201
14397240	-529	169	-98
14397880	-730	162	-12
14398520	-997	-39	105
14399160	-938	64	150
14399800	-723	-60	183
14400440	-750	-48	233
14401080	-749	-99	261
14401720	-815	-210	279
14402360	-621	-124	267
14403000	-606	-219	218
14403640	-605	-246	199
14404280	-674	-327	155
14404920	-887	-358	133
14405560	-759	-406	88
14406200	-832	-501	105
14406840	-1370	-505	157
14407480	-1355	-413	94
14408120	-2011	-657	82
14408760	-2700	-689	-47
14409400	-3030	-624	-228
14410040	-3721	-655	-211
14410680	-4985	-125	-159
14411320	-5651	92	-183
14411960	-6106	1190	-307
14412600	-11992	2605	731
14413240	-20265	3211	2133
14413880	-22847	2541	2985
14414520	-19857	2629	3625
14415160	-18088	1806	4268
14415800	-14379	979	5462
14416440	-13284	1105	5729
14417080	-13131	1322	5774
14417720	-13134	1955	5647
14418360	-11881	2091	5159
14419000	-10616	1942	4626
14419640	-8332	1752	3938
14420280	-5082	1319	3021
14420920	-3508	1344	1871
14421560	-2299	1956	421
14422200	-2473	2373	-1193
14422840	-5026	2955	-2800
14423480	-3721	1095	-1798
14424120	-891	791	-1819
14424760	1606	282	-1796
14425400	4454	1852	-1666
14426040	4057	3101	-1783
14426680	359	-456	-1021
14427320	1969	1813	-1237
14427960	1884	691	-994
14428600	1151	1249	-792
14429240	908	1145	-797
14429880	1228	1512	-872
14430520	850	1423	-795
14431160	-42	1494	-753
14431800	-476	1374	-613
14432440	-949	1495	-373
14433080	-973	1436	-261
14433720	-906	1230	-248
14434360	-1203	920	-236
14435000	-1199	814	-327
14435640	-804	501	-446
14436280	-973	376	-553
14436920	-1459	281	-565
14437560	-1709	303	-587
14438200	-1785	367	-556
14438840	-1908	397	-513
14439480	-1738	459	-435
14440120	-1174	533	-445
14440760	-1112	415	-351
14441400	-1343	589	-265
14442040	-1180	247	-214
14442680	-912	306	-202
14443320	-695	226	-193
14443960	-905	174	-191
14444600	-160	458	-298
14445240	-460	222	-202
14445880	-1580	-8	-8
14446520	-1115	61	55
14447160	-839	-241	212
14447800	-693	-241	329
14448440	-529	-271	394
14449080	-561	-311	399
14449720	-261	-268	358
14450360	380	-141	311
14451000	720	-77	264
14451640	437	-109	260
14452280	-91	6	244
14452920	-4	-66	195
14453560	-157	-77	214
14454200	-161	-15	225
14454840	22	-11	247
14455480	26	27	276
14456120	127	-1	288
14456760	78	-42	290
14457400	147	-16	271
14458040	130	-4	281
14458680	130	-25	280
14459320	234	-9	256
14459960	298	-64	247
14460600	288	-13	202
14461240	215	2	152
14461880	208	42	118
14462520	223	14	87
14463160	199	6	49
14463800	277	98	-15
14464440	256	78	-47
14465080	83	123	-79
14465720	-46	130	-92
14466360	-141	145	-109
14467000	-306	92	-94
14467640	-255	100	-105
14468280	-154	83	-92
14468920	-161	114	-87
14469560	-175	69	-85
14470200	-47	18	-112
14470840	-1	84	-132
14471480	-3	127	-148
14472120	-1	127	-187
14472760	13	142	-201
14473400	223	142	-200
14474040	51	133	-188
14474680	-127	112	-169
14475320	-247	90	-142
14475960	-305	96	-119
14476600	-222	57	-80
14477240	-131	-9	-60
14477880	-532	-17	3
14478520	-240	-15	-6
14479160	-12	-2	4
14479800	273	-86	8
14480440	211	-41	43
14481080	75	-132	86
14481720	-231	-153	131
14482360	-20	-51	123
14483000	206	-143	142
14483640	13	-137	197
14484280	-318	-288	242
14484920	-344	-248	278
14485560	-415	-319	321
14486200	-769	-399	352
14486840	-853	-372	391
14487480	-1391	-475	411
14488120	-1498	-473	384
14488760	-2232	-254	306
14489400	-3432	-400	182
14490040	-3856	38	-153
14490680	-4869	-120	-377
14491320	-5559	-120	-531
14491960	-5921	-42	-600
14492600	-6703	314	-480
14493240	-7920	142	-195
14493880	-9595	753	-32
14494520	-14471	1996	816
14495160	-20973	2087	2101
14495800	-22903	3929	2679
14496440	-24864	2226	3234
14497080	-22110	2045	3460
14497720	-18947	1108	3794
14498360	-16931	988	4428
14499000	-16063	1098	4995
14499640	-15107	1262	5388
14500280	-13475	1146	5405
14500920	-11796	1416	5521
14501560	-9347	1608	5369
14502200	-6700	1687	4848
14502840	-2871	1934	3719
14503480	-8	1809	2224
14504120	293	1961	363
14504760	-4142	2485	-2245
14505400	-5819	2616	-4133
14506040	1415	534	-2335
14506680	2461	-63	-2853
14507320	6789	1047	-1454
14507960	2586	2118	-1346
14508600	1011	1612	-884
14509240	845	1366	-591
14509880	1720	1562	-700
14510520	-424	902	-246
14511160	178	1412	-516
14511800	426	1135	-621
14512440	-380	1750	-716
14513080	-394	1399	-574
14513720	-1079	1474	-485
14514360	-1755	1261	-299
14515000	-2118	840	-258
14515640	-2318	1087	-256
14516280	-2516	549	-248
14516920	-1976	590	-232
14517560	-2282	135	-172
14518200	-2083	-51	-200
14518840	-2048	162	-280
14519480	-1583	121	-359
14520120	-1989	292	-405
14520760	-1832	236	-456
14521400	-1959	336	-528
14522040	-2228	449	-538
14522680	-2030	486	-519
14523320	-1039	459	-562
14523960	-848	389	-491
14524600	-1729	354	-381
14525240	-1837	230	-267
14525880	-1674	307	-163
14526520	-888	113	-123
14527160	-724	39	15
14527800	-2141	-43	260
14528440	-1784	-431	419
14529080	-474	-486	443
14529720	-463	-551	588
14530360	-678	-489	647
14531000	-370	-527	651
14531640	53	-476	644
14532280	294	-458	638
14532920	655	-366	576
14533560	792	-342	528
14534200	550	-294	499
14534840	295	-227	437
14535480	78	-125	375
14536120	-141	-45	324
14536760	176	-7	234
14537400	-294	-145	289
14538040	12	50	202
14538680	-12	73	187
14539320	-44	72	173
14539960	122	100	176
14540600	66	171	163
14541240	151	164	177
14541880	-296	94	210
14542520	-89	191	160
14543160	118	173	94
14543800	-176	185	95
14544440	-209	177	59
14545080	-191	176	40
14545720	-426	189	58
14546360	-463	256	30
14547000	-449	237	43
14547640	-552	175	54
14548280	-522	116	38
14548920	-471	125	39
14549560	-396	66	58
14550200	-170	96	34
14550840	-268	52	27
14551480	-267	129	25
14552120	-47	112	42
14552760	167	95	37
14553400	121	135	57
14554040	156	156	53
14554680	52	167	64
14555320	149	175	56
14555960	103	146	44
14556600	106	220	25
14557240	111	185	18
14557880	-34	217	12
14558520	133	225	-12
14559160	286	275	-32
14559800	184	347	-21
14560440	-52	225	-4
14561080	91	266	-7
14561720	-24	219	21
14562360	-128	176	39
14563000	-103	200	38
14563640	-85	158	41
14564280	-93	242	10
14564920	-9	241	-19
14565560	8	269	-63
14566200	92	288	-92
14566840	48	375	-143
14567480	10	288	-180
14568120	-131	316	-204
14568760	-188	268	-226
14569400	-135	328	-247
14570040	-60	314	-244
14570680	92	318	-246
14571320	154	340	-223
14571960	59	351	-161
14572600	103	287	-129
14573240	95	300	-84
14573880	42	270	-60
14574520	112	239	-65
14575160	153	340	-67
14575800	150	287	-82
14576440	247	389	-118
14577080	205	345	-135
14577720	186	339	-158
14578360	117	444	-168
14579000	94	419	-193
14579640	50	409	-215
14580280	4	410	-231
14580920	6	439	-247
14581560	-36	435	-252
14582200	-103	431	-243
14582840	-51	407	-263
14583480	104	381	-260
14584120	-43	405	-229
14584760	-79	400	-211
14585400	-69	424	-213
14586040	15	372	-200
14586680	1	373	-179
14587320	-2	400	-157
14587960	25	348	-144
14588600	19	312	-111
14589240	53	427	-110
14589880	64	375	-105
14590520	-14	334	-91
14591160	10	368	-96
14591800	-68	363	-113
14592440	60	294	-126
14593080	253	292	-133
14593720	350	333	-178
14594360	597	338	-200
14595000	768	379	-269
14595640	525	352	-257
14596280	136	307	-242
14596920	-862	203	-189
14597560	-402	448	-327
14598200	-769	440	-288
14598840	-566	441	-291
14599480	-279	138	-223
14600120	-424	444	-119
14600760	5	167	-119
14601400	-513	187	-72
14602040	-928	182	19
14602680	-503	74	64
14603320	-219	61	256
14603960	-366	-69	591
14604600	240	-48	919
14605240	735	-114	1303
14605880	791	-272	1713
14606520	1212	-453	1951
14607160	1294	-424	2155
14607800	1814	-531	2259
14608440	1773	-179	2320
14609080	3153	-194	2010
14609720	2839	-448	1716
14610360	3322	-282	1369
14611000	4142	-402	991
14611640	4793	-484	781
14612280	5454	-602	654
14612920	6344	-1207	510
14613560	6159	-1375	509
14614200	6667	-1422	306
14614840	7148	-1374	246
14615480	10017	-4501	307
14616120	11994	-1364	588
14616760	13476	-4206	1045
14617400	17599	-6200	1774
14618040	22676	-9554	2450
14618680	24568	-11078	1895
14619320	18972	-11312	1270
14619960	22290	-8299	273
14620600	18599	-8861	-649
14621240	15835	-7320	-571
14621880	12881	-5716	-671
14622520	9127	-4255	-387
14623160	5298	-2878	18
14623800	2459	-1753	455
14624440	730	-913	1233
14625080	-166	-1015	1865
14625720	-1279	-1340	2581
14626360	-1407	-1772	3384
14627000	-674	-3470	4094
14627640	2138	-5499	4411
14628280	6567	-6567	4471
14628920	9687	-7965	3974
14629560	11801	-7428	3761
14630200	11695	-8662	3030
14630840	12482	-9897	1120
14631480	15239	-6377	-1312
14632120	10417	-5822	-2558
14632760	2963	-6942	-3815
14633400	855	-6603	-5601
14634040	2823	-5937	-7487
14634680	7328	-5205	-9390
14635320	11601	-4325	-10996
14635960	13230	-3946	-12104
14636600	12898	-3899	-12878
14637240	13785	-3699	-13880
14637880	17093	-2818	-14678
14638520	19691	-2564	-14554
14639160	21033	-1096	-13342
14639800	18634	-191	-10491
14640440	6388	-1846	-7678
14641080	5004	1747	-3865
14641720	7572	-675	3796
14642360	-8414	2274	2025
14643000	5740	1141	-126
14643640	2990	-2046	-21
14644280	2555	3944	-516
14644920	-2089	-1353	-539
14645560	528	2302	-933
14646200	-57	897	-940
14646840	-1045	787	-689
14647480	-473	1128	-758
14648120	796	1067	-680
14648760	958	820	-443
14649400	1049	927	-308
14650040	1007	765	-171
14650680	868	602	-118
14651320	1120	700	-45
14651960	777	518	1
14652600	427	457	-92
14653240	-329	311	-114
14653880	-729	492	-248
14654520	-179	532	-394
14655160	-52	396	-429
14655800	41	383	-517
14656440	12	319	-599
14657080	232	347	-692
14657720	5	303	-651
14658360	-4	384	-611
14659000	-1	298	-531
14659640	-116	228	-396
14660280	42	185	-321
14660920	-147	174	-211
14661560	-472	71	-78
14662200	-223	187	-20
14662840	-27	146	52
14663480	5	134	69
14664120	-35	137	67
14664760	-81	149	69
14665400	41	71	73
14666040	79	58	88
14666680	-7	70	115
14667320	-190	60	163
14667960	-105	53	161
14668600	-190	73	166
14669240	-127	51	157
14669880	-60	21	130
14670520	-67	58	123
14671160	-152	69	78
14671800	-18	72	13
14672440	-70	84	-18
14673080	-154	93	-39
14673720	36	116	-82
14674360	-29	170	-76
14675000	8	92	-90
14675640	-190	108	-85
14676280	-159	103	-87
14676920	-99	62	-73
14677560	-120	64	-63
14678200	-86	59	-64
14678840	-91	77	-50
14679480	-100	113	-45
14680120	-103	93	-57
14680760	-5	100	-57
14681400	-56	63	-66
14682040	-115	72	-54
14682680	-174	108	-44
14683320	-148	70	-24
14683960	-100	62	18
14684600	-138	56	48
14685240	-202	74	66
14685880	-73	74	109
14686520	-29	85	139
14687160	41	-5	172
14687800	9	8	180
14688440	-116	-9	188
14689080	-167	41	223
14689720	-103	19	210
14690360	-117	51	213
14691000	-159	-18	234
14691640	-192	-25	242
14692280	-211	19	248
14692920	-224	14	258
14693560	-205	-11	250
14694200	-254	23	242
14694840	-224	-39	242
14695480	-206	-58	210
14696120	-339	-69	196
14696760	-386	-67	149
14697400	-244	-39	114
14698040	-181	-71	74
14698680	-224	-14	56
14699320	-366	-71	39
14699960	-279	-79	11
14700600	-444	-118	22
14701240	-560	-185	28
14701880	-472	-182	37
14702520	-493	-216	57
14703160	-343	-246	80
14703800	-135	-290	131
14704440	81	-323	192
14705080	137	-323	279
14705720	30	-380	384
14706360	-240	-483	482
14707000	-409	-453	541
14707640	-802	-575	605
14708280	-1078	-526	599
14708920	-1421	-409	549
14709560	-2163	-531	538
14710200	-2478	-374	402
14710840	-2572	-275	147
14711480	-3073	-217	-123
14712120	-3712	-459	-363
14712760	-4048	112	-667
14713400	-5052	587	-934
14714040	-8771	1901	-1057
14714680	-13892	2517	-58
14715320	-18539	3179	1442
14715960	-20417	2693	2620
14716600	-17994	2565	3536
14717240	-16489	1378	4555
14717880	-14066	956	5332
14718520	-12327	640	5926
14719160	-11510	714	6156
14719800	-14067	1550	5946
14720440	-15199	2210	5507
14721080	-16396	3000	5004
14721720	-16163	3166	4455
14722360	-14060	3142	3747
14723000	-11480	2000	3313
14723640	-7378	1520	2762
14724280	-4058	1746	1813
14724920	-2568	2360	480
14725560	-3550	3377	-1346
14726200	-6964	3791	-2873
14726840	-4173	1331	-1659
14727480	-923	-776	-1492
14728120	6298	1040	-1835
14728760	3174	1935	-1633
14729400	1738	1104	-1292
14730040	1145	1324	-1382
14730680	1883	987	-1311
14731320	1162	876	-1076
14731960	1030	1190	-973
14732600	1076	1059	-860
14733240	1550	1377	-835
14733880	904	1248	-773
14734520	445	1365	-671
14735160	-318	1284	-404
14735800	-407	1262	-166
14736440	-205	1077	-8
14737080	-996	1111	175
14737720	-1715	880	346
14738360	-1638	814	394
14739000	-1389	819	307
14739640	-1564	1003	291
14740280	-915	954	175
14740920	-1130	879	151
14741560	-1125	610	140
14742200	-1061	624	128
14742840	-728	372	108
14743480	-493	412	85
14744120	-127	273	70
14744760	-208	96	117
14745400	-259	129	166
14746040	-241	145	222
14746680	-786	176	347
14747320	-732	169	427
14747960	-544	238	518
14748600	-793	166	670
14749240	-434	106	734
14749880	-148	-47	782
14750520	-535	-25	845
14751160	-149	57	766
14751800	-111	-77	744
14752440	-83	-237	699
14753080	-198	-38	628
14753720	-140	-339	709
14754360	25	-290	812
14755000	161	-270	867
14755640	-289	-644	936
14756280	240	-651	702
14756920	59	-519	462
14757560	-211	-407	306
14758200	-407	-426	169
14758840	-548	-378	27
14759480	-473	-271	-105
14760120	-539	-360	-177
14760760	-472	-291	-307
14761400	-581	-317	-402
14762040	-951	-285	-451
14762680	-1122	-279	-496
14763320	-1420	-160	-478
14763960	-1724	-41	-394
14764600	-1688	-51	-327
14765240	-1546	-114	-273
14765880	-1792	-256	-136
14766520	-1743	-215	-68
14767160	-1298	-131	-67
14767800	-879	-248	-99
14768440	-667	-140	-143
14769080	-710	-146	-182
14769720	-629	-93	-208
14770360	-616	-95	-244
14771000	-605	-45	-301
14771640	-496	-30	-331
14772280	-505	-6	-351
14772920	-648	24	-348
14773560	-607	65	-328
14774200	-612	87	-297
14774840	-638	46	-267
14775480	-469	84	-262
14776120	-336	9	-262
14776760	-276	50	-243
14777400	-186	66	-230
14778040	-58	55	-212
14778680	-9	51	-180
14779320	332	-69	-217
14779960	342	-3	-187
14780600	317	44	-156
14781240	108	117	-53
14781880	201	147	-22
14782520	100	95	20
14783160	79	133	38
14783800	90	188	31
14784440	9	169	37
14785080	44	188	24
14785720	114	205	-14
14786360	63	234	8
14787000	120	222	-12
14787640	138	226	-24
14788280	185	231	-56
14788920	229	260	-106
14789560	163	288	-193
14790200	163	306	-259
14790840	210	407	-331
14791480	269	364	-396
14792120	420	404	-437
14792760	501	419	-443
14793400	409	404	-428
14794040	309	416	-402
14794680	245	346	-358
14795320	395	367	-352
14795960	467	358	-302
14796600	300	343	-252
14797240	234	359	-197
14797880	326	304	-178
14798520	282	254	-127
14799160	253	307	-162
14799800	520	245	-168
14800440	569	290	-205
14801080	386	331	-217
14801720	516	282	-266
14802360	585	299	-277
14803000	625	294	-266
14803640	681	276	-301
14804280	598	286	-261
14804920	425	252	-261
14805560	399	221	-268
14806200	104	245	-325
14806840	-39	273	-373
14807480	43	271	-437
14808120	99	238	-477
14808760	-56	180	-483
14809400	-279	127	-472
14810040	-234	158	-433
14810680	45	28	-420
14811320	117	-100	-351
14811960	168	-203	-329
14812600	668	-246	-333
14813240	408	-340	-259
14813880	310	-461	-246
14814520	399	-361	-230
14815160	200	-495	-205
14815800	-118	-517	-205
14816440	-333	-524	-184
14817080	-558	-500	-165
14817720	-912	-556	-179
14818360	-1773	-422	-109
14819000	-2486	-425	-139
14819640	-2316	-181	-282
14820280	-3871	-192	-215
14820920	-4643	108	-305
14821560	-5013	88	-352
14822200	-6142	139	-276
14822840	-6725	238	-201
14823480	-6831	213	-140
14824120	-6996	75	76
14824760	-8627	384	498
14825400	-10099	783	582
14826040	-12741	1322	1469
14826680	-17454	1834	2419
14827320	-18258	1802	3063
14827960	-17287	1373	3432
14828600	-15811	1339	3652
14829240	-14484	557	3752
14829880	-12220	452	3821
14830520	-10276	373	4106
14831160	-9994	428	4279
14831800	-8949	787	4031
14832440	-8309	1014	3855
14833080	-8699	1254	3614
14833720	-8213	1409	3290
14834360	-6464	1427	2958
14835000	-3731	1274	2523
14835640	-1927	1134	2104
14836280	-1605	1411	1103
14836920	-2522	1524	256
14837560	-4695	2103	-901
14838200	-4561	2210	-2190
14838840	-338	985	-1816
14839480	2603	733	-1704
14840120	3452	-662	-963
14840760	4744	2189	-1033
14841400	2802	948	-1044
14842040	1226	952	-539
14842680	1632	891	-460
14843320	1059	848	-517
14843960	1204	1123	-635
14844600	1061	1117	-723
14845240	935	1298	-749
14845880	103	1340	-665
14846520	-648	1487	-423
14847160	-1210	1033	-284
14847800	-1075	1200	-309
14848440	-1616	1135	-274
14849080	-1554	1177	-337
14849720	-1004	1007	-360
14850360	-1418	719	-307
14851000	-1465	655	-236
14851640	-1152	350	-123
14852280	-975	223	-110
14852920	-799	225	-68
14853560	-1186	215	14
14854200	-1317	150	58
14854840	-1648	190	117
14855480	-1851	326	129
14856120	-1621	229	100
14856760	-1193	440	49
14857400	-1786	352	96
14858040	-1579	345	33
14858680	-1343	533	-76
14859320	-1234	467	-102
14859960	-1404	373	-100
14860600	-1188	479	-146
14861240	-965	212	-141
14861880	-1174	183	-162
14862520	-1416	143	-160
14863160	-1412	233	-151
14863800	-1527	1	-30
14864440	-1605	88	67
14865080	-1503	-140	186
14865720	-1250	-290	296
14866360	-775	-381	387
14867000	3	-543	399
14867640	337	-560	445
14868280	92	-412	476
14868920	256	-604	464
14869560	58	-483	414
14870200	-514	-472	410
14870840	-777	-465	330
14871480	-794	-388	286
14872120	-791	-396	272
14872760	-813	-396	280
14873400	-635	-384	290
14874040	-666	-437	348
14874680	-571	-447	400
14875320	-403	-540	430
14875960	-567	-545	445
14876600	-517	-474	440
14877240	-505	-473	423
14877880	-535	-394	407
14878520	-200	-386	344
14879160	-279	-300	287
14879800	-348	-300	250
14880440	-325	-236	212
14881080	-285	-209	184
14881720	-307	-204	203
14882360	-344	-228	209
14883000	-381	-203	170
14883640	-196	-177	173
14884280	-28	-127	186
14884920	261	-171	197
14885560	349	-118	211
14886200	299	-90	257
14886840	76	-98	283
14887480	112	-75	277
14888120	120	-3	293
14888760	70	-25	281
14889400	92	-14	285
14890040	129	34	276
14890680	218	18	263
14891320	212	2	255
14891960	314	42	224
14892600	381	30	235
14893240	418	22	228
14893880	275	17	245
14894520	273	-9	232
14895160	452	-25	210
14895800	384	-1	214
14896440	303	84	196
14897080	292	-17	222
14897720	225	52	182
14898360	205	30	176
14899000	102	79	175
14899640	84	75	148
14900280	-62	115	130
14900920	-4	198	113
14901560	32	142	107
14902200	-53	195	122
14902840	69	186	98
14903480	16	192	126
14904120	30	167	134
14904760	11	180	137
14905400	96	220	127
14906040	172	220	105
14906680	88	237	75
14907320	98	265	63
14907960	108	278	59
14908600	78	245	63
14909240	67	325	38
14909880	90	354	49
14910520	167	310	47
14911160	159	273	45
14911800	144	344	44
14912440	146	372	55
14913080	136	350	38
14913720	141	368	36
14914360	167	344	22
14915000	153	325	45
14915640	227	328	37
14916280	163	291	20
14916920	140	355	20
14917560	167	307	18
14918200	170	260	-10
14918840	172	313	-49
14919480	192	316	-53
14920120	231	337	-79
14920760	267	313	-80
14921400	235	383	-94
14922040	203	351	-111
14922680	224	312	-134
14923320	290	402	-165
14923960	382	377	-201
14924600	291	391	-224
14925240	334	451	-273
14925880	309	391	-283
14926520	87	392	-272
14927160	74	414	-279
14927800	46	312	-267
14928440	33	359	-243
14929080	55	403	-251
14929720	2	354	-248
14930360	43	356	-227
14931000	-25	305	-202
14931640	-25	310	-194
14932280	18	327	-223
14932920	-71	343	-230
14933560	58	332	-234
14934200	121	344	-275
14934840	55	296	-292
14935480	109	381	-330
14936120	134	356	-344
14936760	312	310	-363
14937400	357	415	-415
14938040	315	372	-452
14938680	504	349	-552
14939320	340	391	-636
14939960	174	564	-754
14940600	309	504	-882
14941240	222	574	-1014
14941880	98	664	-1122
14942520	-1195	706	-1170
14943160	-579	832	-1303
14943800	-783	1017	-1384
14944440	-461	954	-1492
14945080	442	1139	-1618
14945720	69	1032	-1674
14946360	-797	1110	-1701
14947000	-1246	1180	-1674
14947640	-1844	1332	-1647
14948280	-1201	1214	-1576
14948920	-947	1176	-1436
14949560	-365	906	-1246
14950200	-246	870	-1053
14950840	447	642	-859
14951480	598	530	-588
14952120	1212	355	-269
14952760	1956	361	65
14953400	2807	239	338
14954040	3716	91	534
14954680	3305	-137	756
14955320	3226	1	874
14955960	3437	-281	1018
14956600	3634	-196	1114
14957240	4213	-327	1138
14957880	4612	-451	1161
14958520	4529	-588	1137
14959160	4213	-773	1132
14959800	3834	-692	1140
14960440	4000	-964	1088
14961080	3709	-1121	1061
14961720	3312	-1029	973
14962360	2885	-1083	858
14963000	2269	-1118	806
14963640	650	-1076	850
14964280	778	-1130	891
14964920	326	-1309	1089
14965560	198	-1629	1344
14966200	246	-1783	1656
14966840	-23	-1862	2042
14967480	-79	-2163	2433
14968120	636	-3008	2695
14968760	4178	-2510	2552
14969400	4175	-2496	2660
14970040	1527	-3023	3040
14970680	1737	-2682	2665
14971320	1685	-2574	1973
14971960	3675	-2748	1329
14972600	9394	-3405	403
14973240	11759	-4073	-231
14973880	18130	-6824	-2405
14974520	26355	-2336	-6206
14975160	17808	-3959	-6273
14975800	7757	-4834	-6898
14976440	4243	-3611	-7782
14977080	8506	-2092	-8594
14977720	14502	-1422	-8661
14978360	16941	-1040	-7413
14979000	13090	-1686	-5894
14979640	10401	-1415	-4668
14980280	10350	-38	-2789
14980920	7401	-1072	617
14981560	-8611	757	78
14982200	5550	1499	-641
14982840	5003	-1697	-640
14983480	3011	1650	-542
14984120	-751	365	-420
14984760	-256	685	-603
14985400	2129	798	-1013
14986040	2092	926	-888
14986680	804	814	-657
14987320	402	921	-609
14987960	424	744	-610
14988600	403	682	-456
14989240	409	698	-302
14989880	595	548	-170
14990520	624	522	-83
14991160	512	470	-37
14991800	308	476	-14
14992440	316	511	-35
14993080	395	486	-69
14993720	348	437	-96
14994360	235	472	-131
14995000	198	395	-170
14995640	127	498	-215
14996280	-14	426	-211
14996920	-119	459	-226
14997560	-125	522	-234
14998200	-86	353	-201
14998840	-130	413	-177
14999480	-146	433	-137
15000120	6	323	-95
15000760	39	301	-30
15001400	2	212	31
15002040	-4	296	63
15002680	-16	149	120
15003320	14	161	171
15003960	248	196	182
15004600	456	237	177
15005240	601	36	212
15005880	493	202	198
15006520	382	153	198
15007160	311	187	128
15007800	129	204	110
15008440	206	266	53
15009080	186	362	1
15009720	-61	402	-47
15010360	-9	441	-73
15011000	84	561	-115
15011640	311	381	-133
15012280	1549	431	-322
15012920	2084	419	-316
15013560	1998	453	-345
15014200	2238	601	-340
15014840	1931	433	-281
15015480	2185	586	-257
15016120	1278	398	-178
15016760	746	322	-182
15017400	721	241	-203
15018040	-135	217	-254
15018680	-573	161	-270
15019320	-1827	126	-176
15019960	-2588	135	-12
15020600	-2673	-4	115
15021240	-1706	-100	244
15021880	-1106	-295	489
15022520	-1337	-443	583
15023160	-1059	-528	590
15023800	-694	-692	563
15024440	-441	-589	513
15025080	221	-834	437
15025720	-345	-748	408
15026360	-544	-792	357
15027000	-1010	-918	284
15027640	-1292	-1036	204
15028280	-1801	-1082	171
15028920	-2457	-1016	151
15029560	-3525	-921	201
15030200	-4865	-906	260
15030840	-5565	-840	243
15031480	-6167	-728	251
15032120	-6662	-904	248
15032760	-7198	-720	203
15033400	-10077	-226	379
15034040	-14221	644	901
15034680	-20715	1206	1829
15035320	-22912	2019	2422
15035960	-23855	2217	3091
15036600	-25353	2973	3590
15037240	-27013	3119	3923
15037880	-28961	3582	3982
15038520	-30699	4015	3887
15039160	-31748	4483	4025
15039800	-31421	5118	4292
15040440	-27266	4084	4767
15041080	-18912	1856	5012
15041720	-11891	511	5412
15042360	-8990	875	5754
15043000	-7101	1305	5436
15043640	-8679	2334	5282
15044280	-11232	2872	4639
15044920	-12790	2967	3634
15045560	-8869	2843	1689
15046200	-4087	2474	79
15046840	-4073	2168	-1001
15047480	-5645	1840	-1672
15048120	-4199	1275	-1356
15048760	-2430	-2800	68
15049400	3566	-988	-407
15050040	5275	-1182	391
15050680	-2890	-658	319
15051320	1262	-1524	168
15051960	4542	-653	-136
15052600	2107	-1373	-31
15053240	668	-393	54
15053880	1281	168	-55
15054520	55	-611	177
15055160	-214	870	51
15055800	-56	241	16
15056440	-391	831	-66
15057080	23	1076	-206
15057720	959	1115	-350
15058360	903	1731	-497
15059000	-522	1353	11
15059640	-1500	2043	255
15060280	-322	1906	189
15060920	625	2236	-145
15061560	-2866	1073	-193
15062200	-4683	989	-364
15062840	-2911	941	-949
15063480	-1330	826	-1409
15064120	-2231	836	-1435
15064760	-3810	824	-1260
15065400	-4241	808	-1177
15066040	-3360	522	-1069
15066680	-2128	542	-916
15067320	-2963	88	-752
15067960	-1743	214	-818
15068600	-1772	-53	-817
15069240	-1631	16	-888
15069880	-760	-288	-839
15070520	-1551	-427	-521
15071160	-1641	-428	-155
15071800	-2573	-461	133
15072440	-3296	-475	297
15073080	-3169	-539	281
15073720	-2841	-581	181
15074360	-3380	-472	235
15075000	-2667	-702	249
15075640	-1881	-871	255
15076280	-2198	-993	357
15076920	-2592	-974	487
15077560	-3002	-758	434
15078200	-2825	-887	491
15078840	-3229	-785	476
15079480	-4007	-637	512
15080120	-3912	-587	573
15080760	-7603	784	1281
15081400	-9827	1092	1628
15082040	-9935	1129	1797
15082680	-7372	936	1674
15083320	-5606	1319	1571
15083960	-6123	1861	1301
15084600	-8215	1403	931
15085240	-7581	1933	329
15085880	-5622	2140	56
15086520	-5089	350	-668
15087160	-468	-3019	-342
15087800	7240	2551	-1142
15088440	466	-1217	-105
15089080	-2014	1272	-96
15089720	-774	-446	-337
15090360	904	213	-482
15091000	1071	220	-320
15091640	481	58	-134
15092280	67	190	-108
15092920	229	117	-206
15093560	373	127	-212
15094200	370	214	-170
15094840	218	337	-268
15095480	-70	210	-346
15096120	-303	137	-426
15096760	-484	136	-425
15097400	-349	199	-410
15098040	-99	280	-442
15098680	-82	365	-436
15099320	-251	233	-442
15099960	-313	219	-411
15100600	-211	241	-358
15101240	-181	185	-262
15101880	-45	245	-198
15102520	122	225	-98
15103160	80	158	-29
15103800	213	175	42
15104440	201	158	111
15105080	115	43	164
15105720	80	136	153
15106360	-81	174	170
15107000	98	190	105
15107640	100	204	89
15108280	-2	250	50
15108920	35	247	6
15109560	93	278	-25
15110200	-75	280	-5
15110840	-5	228	-30
15111480	-11	250	-28
15112120	10	259	-21
15112760	83	223	-39
15113400	33	215	-33
15114040	-78	277	-17
15114680	5	192	-16
15115320	15	236	-22
15115960	25	189	-31
15116600	46	230	-37
15117240	130	224	-26
15117880	107	253	-36
15118520	114	219	-45
15119160	115	228	-19
15119800	105	243	-22
15120440	178	183	-13
15121080	178	224	-12
15121720	206	248	4
15122360	125	267	20
15123000	205	246	16
15123640	206	267	29
15124280	239	238	44
15124920	285	241	25
15125560	299	226	19
15126200	217	295	-7
15126840	316	270	-38
15127480	296	320	-46
15128120	358	320	-79
15128760	448	318	-112
15129400	453	331	-139
15130040	421	391	-158
15130680	479	371	-172
15131320	440	406	-198
15131960	253	462	-195
15132600	77	453	-198
15133240	190	512	-237
15133880	83	509	-244
15134520	32	554	-265
15135160	61	580	-300
15135800	31	622	-316
15136440	51	654	-298
15137080	106	709	-288
15137720	-130	680	-204
15138360	-625	553	17
15139000	126	771	18
15139640	623	604	55
15140280	415	470	148
15140920	57	561	168
15141560	484	595	122
15142200	760	419	171
15142840	753	443	213
15143480	841	438	256
15144120	1116	269	284
15144760	1078	420	302
15145400	498	190	380
15146040	710	244	328
15146680	729	236	336
15147320	837	100	391
15147960	683	159	456
15148600	233	-16	574
15149240	455	-5	648
15149880	216	136	718
15150520	-12	-75	755
15151160	129	112	718
15151800	213	109	671
15152440	259	102	554
15153080	576	-1	449
15153720	360	31	392
15154360	1040	103	257
15155000	1462	183	233
15155640	1648	135	299
15156280	2449	-100	187
15156920	2762	-55	125
15157560	3502	2	48
15158200	3884	-264	-55
15158840	3886	-347	-88
15159480	4023	-552	-66
15160120	3186	-578	48
15160760	3231	-837	96
15161400	2568	-741	163
15162040	1802	-683	210
15162680	1441	-759	225
15163320	1120	-664	211
15163960	935	-614	263
15164600	1298	-909	241
15165240	1266	-899	242
15165880	1181	-869	143
15166520	1141	-1248	51
15167160	704	-1267	-31
15167800	646	-985	-95
15168440	1336	-1085	-28
15169080	1592	-1475	172
15169720	1239	-1872	291
15170360	3507	-4620	749
15171000	9433	-5056	375
15171640	12003	-4683	51
15172280	11081	-5125	142
15172920	11614	-5293	-293
15173560	12807	-4749	-582
15174200	12026	-4472	-398
15174840	10616	-4522	-575
15175480	12646	-3756	-1674
15176120	11730	-2813	-2587
15176760	8072	-2086	-3121
15177400	4898	-2015	-3472
15178040	4451	-1136	-3986
15178680	4774	-1037	-4309
15179320	5869	-491	-4748
15179960	7266	-5	-5030
15180600	6297	118	-5075
15181240	7373	361	-5101
15181880	7885	271	-4829
15182520	6886	466	-4196
15183160	4916	662	-3580
15183800	1509	49	-711
15184440	-868	-613	2590
15185080	1626	1393	-929
15185720	3279	-581	1007
15186360	1160	-66	205
15187000	-750	888	485
15187640	-1422	-27	432
15188280	326	566	159
15188920	1888	44	-84
15189560	2563	474	-116
15190200	1237	410	9
15190840	764	566	26
15191480	891	450	-8
15192120	1222	548	46
15192760	1038	520	70
15193400	579	369	86
15194040	626	453	-22
15194680	473	397	4
15195320	-186	529	63
15195960	453	565	17
15196600	717	466	33
15197240	475	267	99
15197880	524	187	105
15198520	74	132	157
15199160	-277	78	201
15199800	-248	67	203
15200440	-297	-10	246
15201080	-91	-96	295
15201720	-108	-124	401
15202360	-3	-137	528
15203000	-144	-372	685
15203640	-115	-269	823
15204280	-503	-409	1100
15204920	-1167	-564	1492
15205560	-1336	-606	1859
15206200	-1604	-1391	2248
15206840	-1470	-697	1970
15207480	-1300	-506	1535
15208120	-695	-448	525
15208760	3108	-950	-1096
15209400	2096	312	-2484
15210040	-396	39	-2669
15210680	1934	-327	-923
15211320	1431	1036	87
15211960	-1534	791	-255
15212600	2867	943	-37
15213240	811	141	-258
15213880	1280	1240	-24
15214520	1248	938	107
15215160	1362	600	106
15215800	1105	761	52
15216440	880	831	59
15217080	869	733	30
15217720	508	866	76
15218360	405	746	158
15219000	509	641	245
15219640	486	610	276
15220280	376	528	258
15220920	512	617	153
15221560	542	573	75
15222200	557	416	-53
15222840	682	602	-128
15223480	645	509	-136
15224120	603	499	-122
15224760	606	555	-81
15225400	707	410	-35
15226040	376	368	34
15226680	482	317	63
15227320	573	330	49
15227960	429	401	61
15228600	418	368	63
15229240	410	308	83
15229880	450	302	106
15230520	337	376	85
15231160	162	298	66
15231800	146	249	23
15232440	-82	323	-43
15233080	79	357	-111
15233720	-13	350	-105
15234360	-24	242	-96
15235000	-130	374	-53
15235640	-90	383	-45
15236280	-139	252	-25
15236920	-19	294	-94
15237560	59	245	-177
15238200	108	414	-301
15238840	264	390	-378
15239480	427	423	-507
15240120	257	429	-556
15240760	199	468	-613
15241400	208	454	-659
15242040	155	482	-727
15242680	88	463	-768
15243320	193	492	-822
15243960	85	574	-887
15244600	-108	465	-885
15245240	-328	462	-918
15245880	-649	517	-928
15246520	-585	501	-874
15247160	-324	267	-880
15247800	45	375	-946
15248440	-230	65	-928
15249080	129	178	-988
15249720	511	128	-1008
15250360	275	41	-984
15251000	260	147	-962
15251640	-46	-70	-847
15252280	-367	63	-695
15252920	-255	-81	-598
15253560	-262	0	-402
15254200	-295	-154	-239
15254840	-428	-410	-52
15255480	-188	-204	35
15256120	750	25	6
15256760	1103	-162	150
15257400	1775	153	269
15258040	3697	-247	391
15258680	4325	-346	509
15259320	4456	-524	611
15259960	4577	-561	754
15260600	4639	-835	838
15261240	4189	-945	989
15261880	4898	-1532	1006
15262520	4227	-1563	1120
15263160	3459	-1598	1368
15263800	2668	-1719	1743
15264440	2233	-2130	2084
15265080	661	-2804	2336
15265720	164	-2472	2083
15266360	889	-3753	2176
15267000	4019	-1986	1763
15267640	2453	-2582	2217
15268280	1326	-3331	2487
15268920	4582	-4058	1930
15269560	9000	-4740	1171
15270200	11733	-4783	640
15270840	11150	-5760	275
15271480	18016	-6936	-1994
15272120	24590	-2760	-4955
15272760	16432	-4440	-5225
15273400	6443	-4365	-5760
15274040	2823	-3501	-6209
15274680	3718	-2758	-6976
15275320	6209	-1745	-7827
15275960	8928	-1359	-7674
15276600	11930	-808	-6841
15277240	12735	-699	-5925
15277880	11772	-385	-4572
15278520	7001	-191	-3246
15279160	5753	-1806	-871
15279800	5269	496	403
15280440	-3392	-1317	47
15281080	2186	1963	185
15281720	2362	-558	-367
15282360	3087	762	-335
15283000	1087	251	-271
15283640	940	682	-364
15284280	2025	633	-470
15284920	1686	656	-293
15285560	763	707	-145
15286200	434	642	-128
15286840	299	659	-88
15287480	599	600	21
15288120	739	450	112
15288760	802	422	173
15289400	728	472	208
15290040	759	299	227
15290680	673	393	210
15291320	582	453	159
15291960	565	452	111
15292600	274	430	38
15293240	332	486	-100
15293880	294	476	-173
15294520	372	429	-262
15295160	343	416	-268
15295800	151	395	-284
15296440	111	396	-290
15297080	178	324	-266
15297720	-122	372	-213
15298360	-88	366	-160
15299000	-110	329	-100
15299640	-14	266	-58
15300280	-98	279	20
15300920	-106	313	66
15301560	5	280	91
15302200	-5	220	104
15302840	19	254	88
15303480	9	232	67
15304120	-45	265	51
15304760	8	286	19
15305400	153	270	2
15306040	184	266	-15
15306680	226	308	-12
15307320	197	225	17
15307960	144	256	30
15308600	157	263	38
15309240	210	244	40
15309880	175	257	45
15310520	162	261	36
15311160	94	274	18
15311800	59	272	-7
15312440	34	294	-39
15313080	41	275	-60
15313720	61	318	-90
15314360	77	277	-101
15315000	123	280	-94
15315640	59	273	-97
15316280	58	257	-108
15316920	60	280	-94
15317560	78	273	-71
15318200	199	241	-60
15318840	169	262	-51
15319480	181	254	-64
15320120	144	250	-71
15320760	145	283	-82
15321400	114	300	-87
15322040	-2	321	-106
15322680	-18	301	-136
15323320	-104	318	-123
15323960	-153	321	-118
15324600	-116	230	-114
15325240	-52	206	-111
15325880	11	230	-122
15326520	-20	226	-117
15327160	88	206	-111
15327800	66	207	-135
15328440	-8	197	-140
15329080	121	211	-153
15329720	39	244	-171
15330360	43	223	-189
15331000	104	191	-207
15331640	166	208	-221
15332280	234	132	-254
15332920	-20	158	-249
15333560	-97	110	-267
15334200	-195	151	-315
15334840	-313	129	-372
15335480	-230	179	-467
15336120	-84	189	-570
15336760	91	194	-652
15337400	-21	227	-715
15338040	214	216	-764
15338680	-11	316	-790
15339320	117	279	-840
15339960	125	227	-841
15340600	-92	297	-835
15341240	-364	250	-829
15341880	-574	263	-789
15342520	-695	312	-798
15343160	-681	340	-796
15343800	-388	441	-842
15344440	-169	479	-807
15345080	-365	453	-720
15345720	75	556	-691
15346360	781	407	-592
15347000	650	356	-417
15347640	1307	297	-310
15348280	1844	182	-97
15348920	2141	37	172
15349560	2785	-55	481
15350200	3090	-199	811
15350840	3625	-280	1116
15351480	3694	-388	1409
15352120	4065	-666	1587
15352760	4164	-477	1791
15353400	3904	-856	2015
15354040	3677	-1059	2250
15354680	3929	-1831	2549
15355320	3246	-1490	2770
15355960	2340	-1146	2953
15356600	2360	-2141	3060
15357240	1844	-1948	3011
15357880	1131	-2355	2901
15358520	1012	-2349	2730
15359160	955	-2781	2601
15359800	840	-1656	2370
15360440	-194	-2788	2482
15361080	733	-2429	2469
15361720	1533	-2346	2564
15362360	1958	-2471	2978
15363000	2610	-2901	3359
15363640	2357	-3573	3439
15364280	3699	-4421	3061
15364920	5773	-4589	2567
15365560	8107	-5071	1980
15366200	9304	-5360	1777
15366840	8414	-7084	746
15367480	14577	-10399	-1780
15368120	24704	-5766	-5532
15368760	21900	-4025	-6682
15369400	7301	-4185	-7172
15370040	-3635	-4186	-7569
15370680	-6701	-2672	-8615
15371320	-3446	-813	-10521
15371960	5917	241	-12099
15372600	14681	-136	-12122
15373240	18012	-1493	-10746
15373880	20429	-2047	-9693
15374520	21911	-2080	-8592
15375160	14815	-2606	-6465
15375800	9464	-1565	-4510
15376440	3560	700	-2222
15377080	-3054	1343	1180
15377720	-5303	1368	1943
15378360	650	-473	-1072
15379000	1571	-493	-448
15379640	1096	1630	-277
15380280	-757	789	-402
15380920	2452	955	-603
15381560	3255	1218	-525
15382200	1490	1030	-243
15382840	1324	1177	-258
15383480	2019	1127	-430
15384120	1999	1024	-510
15384760	1824	998	-533
15385400	1827	910	-628
15386040	1921	844	-706
15386680	1157	804	-720
15387320	514	913	-686
15387960	284	871	-680
15388600	180	837	-685
15389240	-133	756	-663
15389880	-83	731	-651
15390520	487	757	-666
15391160	882	536	-681
15391800	746	723	-672
15392440	754	491	-613
15393080	440	596	-537
15393720	370	447	-419
15394360	332	335	-326
15395000	-205	3	-254
15395640	-563	102	-55
15396280	-242	120	81
15396920	60	75	234
15397560	52	-55	368
15398200	135	78	420
15398840	3	-109	483
15399480	-359	-72	510
15400120	-493	-150	523
15400760	-606	-210	536
15401400	-448	-109	526
15402040	-362	-125	553
15402680	-237	-145	550
15403320	-19	-97	540
15403960	-70	-141	552
15404600	-146	-89	511
15405240	-108	-133	490
15405880	-103	-115	466
15406520	-196	-75	435
15407160	-248	-76	416
15407800	-195	-103	388
15408440	-159	-72	348
15409080	-178	-32	311
15409720	-111	-12	262
15410360	-155	61	229
15411000	-201	19	194
15411640	-130	71	151
15412280	-151	78	123
15412920	-74	139	91
15413560	-8	108	69
15414200	-1	149	41
15414840	30	167	27
15415480	-6	106	23
15416120	-18	135	24
15416760	-5	177	11
15417400	0	183	-12
15418040	33	202	-34
15418680	23	191	-50
15419320	-31	234	-76
15419960	-26	195	-91
15420600	-68	201	-113
15421240	-81	243	-139
15421880	-78	241	-144
15422520	-13	250	-178
15423160	-35	259	-195
15423800	14	290	-222
15424440	5	302	-239
15425080	-67	289	-276
15425720	-44	289	-279
15426360	33	318	-300
15427000	-47	288	-292
15427640	-84	225	-298
15428280	35	276	-318
15428920	122	242	-348
15429560	106	204	-365
15430200	-75	234	-379
15430840	-122	202	-394
15431480	-167	263	-393
15432120	-164	260	-372
15432760	-172	321	-355
15433400	109	216	-361
15434040	79	252	-321
15434680	-30	229	-287
15435320	-37	170	-248
15435960	-33	211	-216
15436600	20	207	-185
15437240	112	142	-179
15437880	212	158	-185
15438520	152	200	-190
15439160	96	194	-206
15439800	57	230	-205
15440440	107	244	-223
15441080	192	236	-227
15441720	193	263	-240
15442360	304	277	-252
15443000	220	256	-246
15443640	112	265	-240
15444280	90	264	-248
15444920	16	260	-250
15445560	37	231	-245
15446200	23	184	-253
15446840	-14	153	-254
15447480	-135	191	-260
15448120	-138	197	-270
15448760	308	168	-325
15449400	796	303	-407
15450040	1008	101	-386
15450680	530	259	-376
15451320	379	175	-366
15451960	-143	179	-305
15452600	-172	-34	-282
15453240	332	163	-321
15453880	181	-204	-236
15454520	-50	-222	-269
15455160	-97	-207	-261
15455800	-490	-311	-267
15456440	-245	-194	-350
15457080	-521	-251	-306
15457720	-1180	-324	-236
15458360	-1493	-457	-184
15459000	-1384	-479	-197
15459640	-1267	-634	-144
15460280	-1403	-672	-136
15460920	-1494	-840	-119
15461560	-1701	-879	-119
15462200	-1840	-879	-166
15462840	-1442	-1209	-168
15463480	-1767	-1199	-164
15464120	-2237	-1346	-175
15464760	-2500	-1477	-144
15465400	-2712	-1377	-125
15466040	-2793	-1432	-16
15466680	-3181	-1569	178
15467320	-3584	-1541	378
15467960	-4048	-1712	563
15468600	-4832	-1697	768
15469240	-6142	-1516	1030
15469880	-7869	-1123	1292
15470520	-9865	-469	1444
15471160	-12689	1404	2145
15471800	-19422	1389	3205
15472440	-23336	2841	3682
15473080	-23789	2726	3760
15473720	-22955	2059	3816
15474360	-21715	1014	3993
15475000	-15635	647	3917
15475640	-10931	87	4186
15476280	-9440	-90	4624
15476920	-9735	-131	5142
15477560	-9685	344	5165
15478200	-8956	709	5013
15478840	-9245	1074	4871
15479480	-9776	957	4633
15480120	-9950	800	4313
15480760	-9607	714	4120
15481400	-8892	797	3832
15482040	-7727	1149	3435
15482680	-6814	1431	3295
15483320	-6138	1530	3136
15483960	-4802	1602	3000
15484600	-3840	1402	2873
15485240	-3131	1300	2766
15485880	-2519	1255	2380
15486520	-2115	1498	1543
15487160	-1678	1593	329
15487800	-2213	2011	-1135
15488440	-3032	2265	-2341
15489080	231	-88	-1111
15489720	3279	249	-722
15490360	5823	1097	-1699
15491000	3481	656	-1085
15491640	2870	1639	-1167
15492280	1998	1218	-1018
15492920	1149	273	-729
15493560	2168	1080	-933
15494200	1407	951	-742
15494840	1244	923	-758
15495480	1305	1035	-823
15496120	1058	1352	-781
15496760	443	1160	-712
15497400	363	1138	-503
15498040	296	947	-506
15498680	127	794	-454
15499320	-256	967	-478
15499960	-380	797	-498
15500600	-176	966	-536
15501240	-550	752	-505
15501880	-723	703	-460
15502520	-660	393	-446
15503160	-440	357	-451
15503800	-931	188	-381
15504440	-1005	94	-288
15505080	-1422	174	-191
15505720	-1400	127	-125
15506360	-1385	142	-61
15507000	-1329	297	40
15507640	-878	337	81
15508280	-524	218	184
15508920	-95	199	242
15509560	82	203	254
15510200	-345	39	320
15510840	-361	105	324
15511480	-341	-156	414
15512120	-315	-79	438
15512760	195	-215	465
15513400	-239	-200	507
15514040	-203	-238	487
15514680	-166	-490	429
15515320	135	-444	253
15515960	-748	-570	185
15516600	-692	-405	1
15517240	-884	-529	-121
15517880	-1104	-387	-210
15518520	-834	-394	-299
15519160	-749	-471	-319
15519800	-783	-511	-372
15520440	-877	-418	-359
15521080	-915	-343	-348
15521720	-1017	-338	-277
15522360	-1164	-339	-215
15523000	-1178	-255	-170
15523640	-992	-353	-148
15524280	-792	-297	-158
15524920	-647	-318	-165
15525560	-726	-214	-166
15526200	-638	-201	-152
15526840	-474	-170	-148
15527480	-325	-178	-125
15528120	-404	-190	-91
15528760	-233	-91	-84
15529400	-240	-166	-55
15530040	-104	-117	-47
15530680	42	-85	-32
15531320	175	-25	-20
15531960	-5	-19	30
15532600	-10	-22	42
15533240	48	7	42
15533880	50	16	31
15534520	-48	41	29
15535160	-80	54	31
15535800	31	76	23
15536440	21	77	24
15537080	60	105	16
15537720	118	147	10
15538360	65	161	41
15539000	58	180	24
15539640	196	226	17
15540280	61	233	29
15540920	-19	165	10
15541560	-44	253	-10
15542200	-14	294	-23
15542840	29	298	-34
15543480	117	348	-47
15544120	78	302	-24
15544760	126	334	-21
15545400	146	357	-11
15546040	123	357	3
15546680	170	360	-12
15547320	109	360	-34
15547960	165	401	-54
15548600	116	380	-50
15549240	133	413	-74
15549880	161	444	-89
15550520	22	421	-87
15551160	8	445	-81
15551800	99	458	-83
15552440	69	397	-73
15553080	106	411	-90
15553720	42	471	-100
15554360	-24	409	-90
15555000	130	428	-104
15555640	110	423	-98
15556280	106	393	-88
15556920	152	445	-91
15557560	120	403	-83
15558200	56	418	-64
15558840	132	384	-56
15559480	117	410	-52
15560120	97	350	-41
15560760	97	376	-42
15561400	66	318	-40
15562040	63	340	-30
15562680	98	297	-32
15563320	134	340	-46
15563960	144	310	-32
15564600	125	328	-42
15565240	130	297	-58
15565880	61	311	-69
15566520	171	319	-88
15567160	64	305	-82
15567800	123	300	-104
15568440	131	301	-113
15569080	106	356	-121
15569720	57	365	-129
15570360	119	338	-151
15571000	93	342	-144
15571640	10	341	-143
15572280	23	288	-135
15572920	-33	299	-118
15573560	90	262	-113
15574200	107	299	-99
15574840	38	238	-84
15575480	109	245	-77
15576120	103	196	-76
15576760	79	213	-48
15577400	85	189	-41
15578040	77	207	-21
15578680	132	172	-4
15579320	7	148	31
15579960	-4	158	34
15580600	33	107	33
15581240	-2	162	9
15581880	106	151	-42
15582520	115	134	-76
15583160	84	119	-118
15583800	-28	163	-168
15584440	-77	128	-200
15585080	-6	132	-211
15585720	-57	78	-196
15586360	-160	-32	-184
15587000	-265	-55	-155
15587640	-360	-81	-146
15588280	-481	-143	-129
15588920	-585	-169	-93
15589560	-478	-242	-36
15590200	-534	-290	19
15590840	-171	-441	9
15591480	-117	-465	62
15592120	-243	-427	93
15592760	-246	-462	129
15593400	-342	-478	147
15594040	-457	-495	151
15594680	-655	-492	152
15595320	-561	-531	120
15595960	-467	-538	98
15596600	-562	-500	85
15597240	-558	-488	32
15597880	-626	-456	6
15598520	-756	-461	2
15599160	-603	-443	-40
15599800	-540	-354	-51
15600440	-565	-403	-37
15601080	-451	-420	-23
15601720	-326	-437	-62
15602360	-445	-429	-48
15603000	-426	-453	-72
15603640	-340	-406	-78
15604280	-242	-369	-105
15604920	-590	-394	-15
15605560	-589	-504	-34
15606200	-322	-418	-11
15606840	-94	-393	8
15607480	-422	-456	101
15608120	-1136	-307	134
15608760	-1822	-257	89
15609400	-3028	-17	-60
15610040	-3392	250	-334
15610680	-4062	495	-657
15611320	-5018	742	-992
15611960	-5664	892	-1308
15612600	-5698	598	-1487
15613240	-5304	450	-1545
15613880	-5200	494	-1272
15614520	-10955	1132	499
15615160	-13448	2258	1657
15615800	-16759	1108	2662
15616440	-15675	2250	3429
15617080	-16343	1228	4230
15617720	-15920	1136	4764
15618360	-14151	537	5100
15619000	-11296	357	5518
15619640	-8913	121	5738
15620280	-8422	55	6070
15620920	-8046	594	5985
15621560	-7673	1393	5654
15622200	-7665	2108	4894
15622840	-7089	2741	3820
15623480	-5188	2593	2110
15624120	-4037	2851	275
15624760	-6599	3197	-1624
15625400	-8781	2925	-2338
15626040	-2425	847	-1319
15626680	1037	1405	-2006
15627320	5481	-1944	-904
15627960	4929	2940	-1258
15628600	1810	784	-712
15629240	-392	244	-159
15629880	1767	1239	-644
15630520	1100	388	-137
15631160	854	721	-174
15631800	896	744	-272
15632440	823	1090	-262
15633080	609	915	-235
15633720	185	852	-179
15634360	262	861	-209
15635000	688	930	-278
15635640	55	1052	-281
15636280	150	1176	-292
15636920	-491	1071	-212
15637560	742	705	-209
15638200	497	550	-164
15638840	-257	313	-124
15639480	-344	-41	-163
15640120	-431	-32	-302
15640760	-1188	-5	-331
15641400	-1955	136	-295
15642040	-1688	182	-298
15642680	-2080	293	-241
15643320	-1772	378	-217
15643960	-1387	438	-151
15644600	-1819	340	89
15645240	-1780	121	248
15645880	-1191	242	328
15646520	-972	80	435
15647160	-158	-126	412
15647800	-34	216	375
15648440	-1082	-47	474
15649080	-1159	-220	446
15649720	-996	-41	440
15650360	-1005	4	361
15651000	-1064	-59	304
15651640	-1286	33	176
15652280	-1308	-84	57
15652920	-1233	-13	-22
15653560	-1128	42	-55
15654200	-1072	110	-71
15654840	-1101	58	-67
15655480	-822	109	-46
15656120	-530	8	-33
15656760	-622	20	20
15657400	-649	13	48
15658040	-691	15	71
15658680	-606	35	76
15659320	-336	-18	77
15659960	-192	-25	81
15660600	-131	0	60
15661240	-106	-88	56
15661880	-145	6	66
15662520	-195	-47	60
15663160	-92	64	23
15663800	-227	59	40
15664440	-165	125	30
15665080	-41	144	37
15665720	-121	151	28
15666360	-62	231	-22
15667000	63	301	-38
15667640	9	299	-76
15668280	169	290	-114
15668920	66	308	-154
15669560	138	300	-209
15670200	82	320	-229
15670840	-44	286	-251
15671480	-112	213	-269
15672120	-104	228	-295
15672760	-212	209	-280
15673400	-206	201	-293
15674040	-231	208	-283
15674680	-336	181	-264
15675320	-323	252	-272
15675960	-328	252	-269
15676600	-357	261	-232
15677240	-292	261	-229
15677880	-247	282	-187
15678520	-147	281	-163
15679160	-113	215	-116
15679800	-185	231	-68
15680440	-145	198	-17
15681080	-81	175	-7
15681720	68	140	5
15682360	68	212	-7
15683000	129	274	-22
15683640	181	250	-41
15684280	258	234	-89
15684920	162	213	-112
15685560	165	314	-167
15686200	239	321	-201
15686840	184	319	-254
15687480	253	344	-303
15688120	222	410	-317
15688760	293	378	-336
15689400	323	433	-342
15690040	357	441	-336
15690680	371	443	-362
15691320	154	445	-343
15691960	218	376	-359
15692600	154	474	-388
15693240	292	464	-428
15693880	-46	596	-460
15694520	58	651	-527
15695160	-233	658	-571
15695800	-540	598	-570
15696440	-1049	600	-597
15697080	8	700	-752
15697720	-208	807	-726
15698360	281	721	-815
15699000	1379	862	-938
15699640	881	827	-898
15700280	708	647	-888
15700920	841	1030	-939
15701560	763	599	-850
15702200	596	741	-821
15702840	1182	588	-732
15703480	1137	664	-572
15704120	1582	280	-419
15704760	1581	219	-241
15705400	1579	299	-34
15706040	1708	206	155
15706680	2013	2	293
15707320	1956	77	410
15707960	2107	-79	510
15708600	1504	-117	622
15709240	1855	-293	674
15709880	1790	-447	704
15710520	1935	-382	716
15711160	1872	-513	740
15711800	1953	-441	760
15712440	1859	-596	713
15713080	2542	-376	570
15713720	2594	-391	326
15714360	2302	-480	100
15715000	2540	-570	-212
15715640	2343	-580	-496
15716280	1820	-441	-705
15716920	1815	-554	-922
15717560	1812	-637	-1151
15718200	1407	-609	-1333
15718840	986	-706	-1462
15719480	1169	-991	-1717
15720120	905	-841	-1846
15720760	1419	-1009	-1979
15721400	1178	-952	-2053
15722040	1031	-1142	-2098
15722680	1001	-1249	-2195
15723320	915	-1153	-2338
15723960	1376	-1092	-2569
15724600	1688	-1239	-2850
15725240	1104	-1179	-3027
15725880	307	-1093	-3113
15726520	-126	-991	-3203
15727160	-478	-1035	-3118
15727800	-1456	-1181	-2885
15728440	-713	-725	-2754
15729080	6111	150	-2860
15729720	20838	-692	-3311
15730360	24418	-1558	-2641
15731000	27432	-2268	-1641
15731640	22550	-995	385
15732280	12070	1313	3557
15732920	7744	2025	4653
15733560	6447	2201	5369
15734200	5854	2245	5558
15734840	5113	1920	5435
15735480	5766	2006	4794
15736120	6548	1811	3818
15736760	6550	2055	2599
15737400	6663	1431	1209
15738040	6619	747	-105
15738680	6552	678	-1186
15739320	6021	441	-2065
15739960	2431	234	-2556
15740600	341	811	-2648
15741240	-323	-680	-790
15741880	512	-339	-1098
15742520	2481	-643	-709
15743160	654	440	139
15743800	-2819	-1166	750
15744440	-1359	-145	629
15745080	-183	-679	624
15745720	1299	-435	675
15746360	2086	-580	537
15747000	1585	-185	582
15747640	1245	-246	556
15748280	1233	-375	585
15748920	1083	-161	703
15749560	1090	-341	682
15750200	791	-182	656
15750840	831	-173	511
15751480	875	-25	319
15752120	963	39	132
15752760	1084	136	-12
15753400	839	149	-76
15754040	828	57	-88
15754680	966	192	-76
15755320	636	135	-23
15755960	318	186	45
15756600	420	226	46
15757240	293	184	46
15757880	227	253	-32
15758520	203	261	-102
15759160	186	275	-154
15759800	46	325	-177
15760440	393	376	-244
15761080	222	365	-218
15761720	274	423	-232
15762360	336	417	-239
15763000	170	417	-232
15763640	0	429	-200
15764280	90	457	-187
15764920	95	485	-155
15765560	129	495	-160
15766200	48	487	-131
15766840	187	543	-154
15767480	166	453	-115
15768120	171	477	-126
15768760	56	454	-107
15769400	226	506	-140
15770040	276	461	-175
15770680	202	516	-172
15771320	251	477	-240
15771960	173	523	-244
15772600	199	563	-293
15773240	355	462	-347
15773880	81	477	-395
15774520	-6	579	-465
15775160	128	540	-576
15775800	-105	627	-718
15776440	-116	605	-827
15777080	-43	841	-944
15777720	-148	550	-923
15778360	48	710	-951
15779000	409	613	-957
15779640	331	579	-952
15780280	282	650	-962
15780920	412	600	-934
15781560	446	575	-845
15782200	301	623	-787
15782840	635	510	-748
15783480	727	556	-626
15784120	614	469	-520
15784760	238	303	-381
15785400	123	364	-271
15786040	121	235	-132
15786680	-482	342	24
15787320	88	184	85
15787960	123	164	146
15788600	239	93	201
15789240	532	85	250
15789880	589	-121	267
15790520	222	-59	311
15791160	266	-84	288
15791800	-80	11	133
15792440	-176	44	53
15793080	8	134	-48
15793720	-235	89	-90
15794360	-197	67	-132
15795000	-151	67	-149
15795640	-207	54	-122
15796280	-8	123	-136
15796920	-142	86	-96
15797560	-98	64	-79
15798200	144	49	-72
15798840	308	37	-63
15799480	516	2	-64
15800120	379	-79	-26
15800760	27	-70	56
15801400	255	-303	120
15802040	-254	-331	188
15802680	-327	-316	204
15803320	-304	-351	177
15803960	-514	-265	145
15804600	-574	-186	100
15805240	-303	-179	43
15805880	-211	-139	-12
15806520	-114	-175	-20
15807160	-109	-156	-21
15807800	21	-183	-11
15808440	-60	-241	12
15809080	-231	-221	40
15809720	-373	-211	59
15810360	-225	-278	34
15811000	-346	-243	43
15811640	-512	-154	63
15812280	-426	-232	50
15812920	-364	-218	44
15813560	-332	-193	41
15814200	-409	-155	47
15814840	-396	-148	39
15815480	-328	-197	32
15816120	-421	-93	16
15816760	-238	-37	-8
15817400	-56	-93	-47
15818040	-229	-56	-17
15818680	-212	39	-13
15819320	-57	-28	-19
15819960	-177	33	1
15820600	-55	32	-10
15821240	48	47	-20
15821880	54	97	-7
15822520	274	106	-35
15823160	168	81	-26
15823800	175	119	-49
15824440	199	148	-62
15825080	161	173	-100
15825720	130	161	-153
15826360	172	262	-194
15827000	24	356	-223
15827640	-185	390	-194
15828280	-216	410	-166
15828920	-220	415	-100
15829560	-215	360	-86
15830200	-170	336	-60
15830840	-242	332	-62
15831480	-322	292	-66
15832120	-310	322	-89
15832760	-193	310	-97
15833400	-278	268	-95
15834040	-318	289	-92
15834680	-298	303	-86
15835320	-285	259	-71
15835960	-295	274	-52
15836600	-243	222	-15
15837240	-190	222	19
15837880	-135	187	63
15838520	-109	180	69
15839160	-97	184	61
15839800	-177	162	89
15840440	-148	225	52
15841080	-43	191	24
15841720	-51	227	10
15842360	28	210	-23
15843000	163	204	-29
15843640	113	207	10
15844280	34	232	22
15844920	-7	233	9
15845560	-95	157	38
15846200	-84	233	30
15846840	88	177	31
15847480	161	161	12
15848120	164	175	17
15848760	126	235	-2
15849400	83	226	0
15850040	100	237	21
15850680	152	214	45
15851320	115	155	88
15851960	46	201	71
15852600	150	180	20
15853240	33	153	51
15853880	61	217	37
15854520	111	174	48
15855160	207	143	48
15855800	383	122	29
15856440	436	193	35
15857080	419	181	27
15857720	302	93	38
15858360	350	137	0
15859000	243	101	-13
15859640	263	204	-44
15860280	274	206	-51
15860920	220	148	-52
15861560	283	182	-42
15862200	243	177	-40
15862840	127	160	-47
15863480	244	223	-64
15864120	258	255	-89
15864760	323	287	-120
15865400	320	316	-165
15866040	180	363	-181
15866680	124	357	-191
15867320	68	429	-199
15867960	190	337	-188
15868600	150	355	-148
15869240	120	302	-147
15869880	116	281	-125
15870520	128	360	-95
15871160	177	260	-56
15871800	329	216	-35
15872440	174	233	12
15873080	235	253	10
15873720	256	230	-5
15874360	82	256	-33
15875000	161	251	-40
15875640	59	257	-36
15876280	137	252	-57
15876920	-68	220	-76
15877560	-75	266	-96
15878200	75	268	-132
15878840	-77	237	-122
15879480	-119	233	-115
15880120	-65	236	-91
15880760	-106	201	-77
15881400	-100	218	-62
15882040	-69	216	-24
15882680	-141	229	0
15883320	-70	189	19
15883960	-203	143	51
15884600	-140	135	86
15885240	-38	111	106
15885880	-103	110	154
15886520	-112	101	197
15887160	35	70	235
15887800	-103	7	292
15888440	-55	46	312
15889080	0	12	289
15889720	-142	50	266
15890360	-161	98	278
15891000	0	-17	283
15891640	-57	1	356
15892280	-69	115	436
15892920	-80	-64	522
15893560	26	-53	569
15894200	-8	-27	612
15894840	48	-86	658
15895480	90	-77	655
15896120	75	-88	640
15896760	-156	-66	625
15897400	70	-51	566
15898040	-14	-56	520
15898680	-223	-88	522
15899320	-293	-101	521
15899960	-174	-155	503
15900600	-93	-143	482
15901240	-221	-136	467
15901880	-55	-150	424
15902520	-197	-135	425
15903160	-173	-148	436
15903800	-84	-194	434
15904440	-155	-141	472
15905080	-148	-204	513
15905720	-82	-229	531
15906360	-163	-232	551
15907000	-152	-201	566
15907640	-63	-208	563
15908280	-45	-282	529
15908920	-225	-264	509
15909560	-116	-294	428
15910200	-233	-240	224
15910840	-205	-274	151
15911480	-209	-245	42
15912120	-315	-304	5
15912760	-460	-226	-41
15913400	-772	-196	-1
15914040	-972	-211	108
15914680	-869	-315	251
15915320	-773	-469	409
